OOOO
4 2 2 2 2
   0.0000000000000000e+00    0.0000000000000000e+00    0.0000000000000000e+00
   0.0000000000000000e+00    0.0000000000000000e+00    6.2871090135830299e-01
  -6.2871090135830299e-01    0.0000000000000000e+00    0.0000000000000000e+00
  -6.2871090135830299e-01    6.2871090135830299e-01    0.0000000000000000e+00
   0.0000000000000000e+00    0.0000000000000000e+00    0.0000000000000000e+00
   0.0000000000000000e+00 
OOOV
4 2 2 2 6
   0.0000000000000000e+00    0.0000000000000000e+00    0.0000000000000000e+00
   0.0000000000000000e+00    0.0000000000000000e+00    0.0000000000000000e+00
   0.0000000000000000e+00    0.0000000000000000e+00    0.0000000000000000e+00
   0.0000000000000000e+00    0.0000000000000000e+00    0.0000000000000000e+00
   0.0000000000000000e+00    0.0000000000000000e+00    0.0000000000000000e+00
   5.7159138533435794e-16    1.5947770201958089e-01   -8.8817841970012523e-16
  -5.7159138533435794e-16   -1.5947770201958089e-01    8.8817841970012523e-16
   0.0000000000000000e+00    0.0000000000000000e+00    0.0000000000000000e+00
   0.0000000000000000e+00    0.0000000000000000e+00    0.0000000000000000e+00
  -5.7159138533435794e-16   -1.5947770201958089e-01    8.8817841970012523e-16
   5.7159138533435794e-16    1.5947770201958089e-01   -8.8817841970012523e-16
   0.0000000000000000e+00    0.0000000000000000e+00    0.0000000000000000e+00
   0.0000000000000000e+00    0.0000000000000000e+00    0.0000000000000000e+00
   0.0000000000000000e+00    0.0000000000000000e+00    0.0000000000000000e+00
   0.0000000000000000e+00    0.0000000000000000e+00    0.0000000000000000e+00
   0.0000000000000000e+00    0.0000000000000000e+00    0.0000000000000000e+00

OOVV
4 2 2 6 6
   0.0000000000000000e+00    0.0000000000000000e+00    0.0000000000000000e+00
   0.0000000000000000e+00    0.0000000000000000e+00    0.0000000000000000e+00
   0.0000000000000000e+00    0.0000000000000000e+00    0.0000000000000000e+00
   0.0000000000000000e+00    0.0000000000000000e+00    0.0000000000000000e+00
   0.0000000000000000e+00    0.0000000000000000e+00    0.0000000000000000e+00
   0.0000000000000000e+00    0.0000000000000000e+00    0.0000000000000000e+00
   0.0000000000000000e+00    0.0000000000000000e+00    0.0000000000000000e+00
   0.0000000000000000e+00    0.0000000000000000e+00    0.0000000000000000e+00
   0.0000000000000000e+00    0.0000000000000000e+00    0.0000000000000000e+00
   0.0000000000000000e+00    0.0000000000000000e+00    0.0000000000000000e+00
   0.0000000000000000e+00    0.0000000000000000e+00    0.0000000000000000e+00
   0.0000000000000000e+00    0.0000000000000000e+00    0.0000000000000000e+00
   0.0000000000000000e+00    0.0000000000000000e+00    0.0000000000000000e+00
   8.6502436551062586e-02    1.7021974108022420e-16   -8.0404022564187272e-02
   0.0000000000000000e+00    0.0000000000000000e+00    0.0000000000000000e+00
   1.7021974108022420e-16    1.0614084836711259e-01   -1.7672495411513722e-16
   0.0000000000000000e+00    0.0000000000000000e+00    0.0000000000000000e+00
  -8.0404022564187272e-02   -1.7672495411513722e-16    1.3132989371780307e-01
  -8.6502436551062586e-02   -1.7021974108022420e-16    8.0404022564187272e-02
   0.0000000000000000e+00    0.0000000000000000e+00    0.0000000000000000e+00
  -1.7021974108022420e-16   -1.0614084836711259e-01    1.7672495411513722e-16
   0.0000000000000000e+00    0.0000000000000000e+00    0.0000000000000000e+00
   8.0404022564187272e-02    1.7672495411513722e-16   -1.3132989371780307e-01
   0.0000000000000000e+00    0.0000000000000000e+00    0.0000000000000000e+00
   0.0000000000000000e+00    0.0000000000000000e+00    0.0000000000000000e+00
  -8.6502436551062586e-02   -1.7021974108022420e-16    8.0404022564187272e-02
   0.0000000000000000e+00    0.0000000000000000e+00    0.0000000000000000e+00
  -1.7021974108022420e-16   -1.0614084836711259e-01    1.7672495411513722e-16
   0.0000000000000000e+00    0.0000000000000000e+00    0.0000000000000000e+00
   8.0404022564187272e-02    1.7672495411513722e-16   -1.3132989371780307e-01
   8.6502436551062586e-02    1.7021974108022420e-16   -8.0404022564187272e-02
   0.0000000000000000e+00    0.0000000000000000e+00    0.0000000000000000e+00
   1.7021974108022420e-16    1.0614084836711259e-01   -1.7672495411513722e-16
   0.0000000000000000e+00    0.0000000000000000e+00    0.0000000000000000e+00
  -8.0404022564187272e-02   -1.7672495411513722e-16    1.3132989371780307e-01
   0.0000000000000000e+00    0.0000000000000000e+00    0.0000000000000000e+00
   0.0000000000000000e+00    0.0000000000000000e+00    0.0000000000000000e+00
   0.0000000000000000e+00    0.0000000000000000e+00    0.0000000000000000e+00
   0.0000000000000000e+00    0.0000000000000000e+00    0.0000000000000000e+00
   0.0000000000000000e+00    0.0000000000000000e+00    0.0000000000000000e+00
   0.0000000000000000e+00    0.0000000000000000e+00    0.0000000000000000e+00
   0.0000000000000000e+00    0.0000000000000000e+00    0.0000000000000000e+00
   0.0000000000000000e+00    0.0000000000000000e+00    0.0000000000000000e+00
   0.0000000000000000e+00    0.0000000000000000e+00    0.0000000000000000e+00
   0.0000000000000000e+00    0.0000000000000000e+00    0.0000000000000000e+00
   0.0000000000000000e+00    0.0000000000000000e+00    0.0000000000000000e+00
   0.0000000000000000e+00    0.0000000000000000e+00    0.0000000000000000e+00
   0.0000000000000000e+00    0.0000000000000000e+00    0.0000000000000000e+00

OVOV
4 2 6 2 6
   3.4923462627606844e-01    1.8973538018496328e-16   -6.2415674629469793e-02
   0.0000000000000000e+00    0.0000000000000000e+00    0.0000000000000000e+00
   0.0000000000000000e+00    0.0000000000000000e+00    0.0000000000000000e+00
   0.0000000000000000e+00    0.0000000000000000e+00    0.0000000000000000e+00
   1.8973538018496328e-16    4.1936291332596076e-01    2.2703193491846463e-16
   0.0000000000000000e+00    0.0000000000000000e+00    0.0000000000000000e+00
   0.0000000000000000e+00    0.0000000000000000e+00    0.0000000000000000e+00
   0.0000000000000000e+00    0.0000000000000000e+00    0.0000000000000000e+00
  -6.2415674629469793e-02    2.2703193491846463e-16    5.0833694541175345e-01
   0.0000000000000000e+00    0.0000000000000000e+00    0.0000000000000000e+00
   0.0000000000000000e+00    0.0000000000000000e+00    0.0000000000000000e+00
   0.0000000000000000e+00    0.0000000000000000e+00    0.0000000000000000e+00
   0.0000000000000000e+00    0.0000000000000000e+00    0.0000000000000000e+00
   4.3573706282713104e-01    3.5995512126518747e-16   -1.4281969719365706e-01
  -8.6502436551062586e-02   -1.7021974108022420e-16    8.0404022564187272e-02
   0.0000000000000000e+00    0.0000000000000000e+00    0.0000000000000000e+00
   0.0000000000000000e+00    0.0000000000000000e+00    0.0000000000000000e+00
   3.5995512126518747e-16    5.2550376169307333e-01    5.0306980803327406e-17
  -1.7021974108022420e-16   -1.0614084836711259e-01    1.7672495411513722e-16
   0.0000000000000000e+00    0.0000000000000000e+00    0.0000000000000000e+00
   0.0000000000000000e+00    0.0000000000000000e+00    0.0000000000000000e+00
  -1.4281969719365706e-01    5.0306980803327406e-17    6.3966683912955657e-01
   8.0404022564187272e-02    1.7672495411513722e-16   -1.3132989371780307e-01
   0.0000000000000000e+00    0.0000000000000000e+00    0.0000000000000000e+00
   0.0000000000000000e+00    0.0000000000000000e+00    0.0000000000000000e+00
  -8.6502436551062586e-02   -1.7021974108022420e-16    8.0404022564187272e-02
   4.3573706282713104e-01    3.5995512126518747e-16   -1.4281969719365706e-01
   0.0000000000000000e+00    0.0000000000000000e+00    0.0000000000000000e+00
   0.0000000000000000e+00    0.0000000000000000e+00    0.0000000000000000e+00
  -1.7021974108022420e-16   -1.0614084836711259e-01    1.7672495411513722e-16
   3.5995512126518747e-16    5.2550376169307333e-01    5.0306980803327406e-17
   0.0000000000000000e+00    0.0000000000000000e+00    0.0000000000000000e+00
   0.0000000000000000e+00    0.0000000000000000e+00    0.0000000000000000e+00
   8.0404022564187272e-02    1.7672495411513722e-16   -1.3132989371780307e-01
  -1.4281969719365706e-01    5.0306980803327406e-17    6.3966683912955657e-01
   0.0000000000000000e+00    0.0000000000000000e+00    0.0000000000000000e+00
   0.0000000000000000e+00    0.0000000000000000e+00    0.0000000000000000e+00
   0.0000000000000000e+00    0.0000000000000000e+00    0.0000000000000000e+00
   0.0000000000000000e+00    0.0000000000000000e+00    0.0000000000000000e+00
   3.4923462627606844e-01    1.8973538018496328e-16   -6.2415674629469793e-02
   0.0000000000000000e+00    0.0000000000000000e+00    0.0000000000000000e+00
   0.0000000000000000e+00    0.0000000000000000e+00    0.0000000000000000e+00
   0.0000000000000000e+00    0.0000000000000000e+00    0.0000000000000000e+00
   1.8973538018496328e-16    4.1936291332596076e-01    2.2703193491846463e-16
   0.0000000000000000e+00    0.0000000000000000e+00    0.0000000000000000e+00
   0.0000000000000000e+00    0.0000000000000000e+00    0.0000000000000000e+00
   0.0000000000000000e+00    0.0000000000000000e+00    0.0000000000000000e+00
  -6.2415674629469793e-02    2.2703193491846463e-16    5.0833694541175345e-01

OVVV
4 2 6 6 6
   0.0000000000000000e+00   -6.8175065553971737e-02    2.4980018054066022e-16
   0.0000000000000000e+00    0.0000000000000000e+00    0.0000000000000000e+00
   6.8175065553971737e-02    0.0000000000000000e+00   -4.7602661618569547e-02
   0.0000000000000000e+00    0.0000000000000000e+00    0.0000000000000000e+00
  -2.4980018054066022e-16    4.7602661618569547e-02    0.0000000000000000e+00
   0.0000000000000000e+00    0.0000000000000000e+00    0.0000000000000000e+00
   0.0000000000000000e+00    0.0000000000000000e+00    0.0000000000000000e+00
   0.0000000000000000e+00    0.0000000000000000e+00    0.0000000000000000e+00
   0.0000000000000000e+00    0.0000000000000000e+00    0.0000000000000000e+00
   0.0000000000000000e+00    0.0000000000000000e+00    0.0000000000000000e+00
   0.0000000000000000e+00    0.0000000000000000e+00    0.0000000000000000e+00
   0.0000000000000000e+00    0.0000000000000000e+00    0.0000000000000000e+00
   0.0000000000000000e+00    1.8735013540549517e-16   -6.3468755514136443e-02
   0.0000000000000000e+00    0.0000000000000000e+00    0.0000000000000000e+00
  -1.8735013540549517e-16    0.0000000000000000e+00    5.2735593669694936e-16
   0.0000000000000000e+00    0.0000000000000000e+00    0.0000000000000000e+00
   6.3468755514136443e-02   -5.2735593669694936e-16    0.0000000000000000e+00
   0.0000000000000000e+00    0.0000000000000000e+00    0.0000000000000000e+00
   0.0000000000000000e+00    0.0000000000000000e+00    0.0000000000000000e+00
   0.0000000000000000e+00    0.0000000000000000e+00    0.0000000000000000e+00
   0.0000000000000000e+00    0.0000000000000000e+00    0.0000000000000000e+00
   0.0000000000000000e+00    0.0000000000000000e+00    0.0000000000000000e+00
   0.0000000000000000e+00    0.0000000000000000e+00    0.0000000000000000e+00
   0.0000000000000000e+00    0.0000000000000000e+00    0.0000000000000000e+00
   0.0000000000000000e+00   -1.5866093895566757e-02    2.8449465006019636e-16
   0.0000000000000000e+00    0.0000000000000000e+00    0.0000000000000000e+00
   1.5866093895566757e-02    0.0000000000000000e+00    6.9989017305531531e-02
   0.0000000000000000e+00    0.0000000000000000e+00    0.0000000000000000e+00
  -2.8449465006019636e-16   -6.9989017305531531e-02    0.0000000000000000e+00
   0.0000000000000000e+00    0.0000000000000000e+00    0.0000000000000000e+00
   0.0000000000000000e+00    0.0000000000000000e+00    0.0000000000000000e+00
   0.0000000000000000e+00    0.0000000000000000e+00    0.0000000000000000e+00
   0.0000000000000000e+00    0.0000000000000000e+00    0.0000000000000000e+00
   0.0000000000000000e+00    0.0000000000000000e+00    0.0000000000000000e+00
   0.0000000000000000e+00    0.0000000000000000e+00    0.0000000000000000e+00
   0.0000000000000000e+00    0.0000000000000000e+00    0.0000000000000000e+00
   0.0000000000000000e+00    0.0000000000000000e+00    0.0000000000000000e+00
   5.2735593669694936e-16   -1.3862027840646392e-02   -3.7470027081099033e-16
   0.0000000000000000e+00    0.0000000000000000e+00    0.0000000000000000e+00
   5.4313037713325352e-02    1.5785983631388945e-16   -7.5880422044127593e-02
   0.0000000000000000e+00    0.0000000000000000e+00    0.0000000000000000e+00
  -6.2450045135165055e-16   -2.8277760425558043e-02    4.2327252813834093e-16
  -5.2735593669694936e-16   -5.4313037713325352e-02    6.2450045135165055e-16
   0.0000000000000000e+00    0.0000000000000000e+00    0.0000000000000000e+00
   1.3862027840646392e-02   -1.5785983631388945e-16    2.8277760425558043e-02
   0.0000000000000000e+00    0.0000000000000000e+00    0.0000000000000000e+00
   3.7470027081099033e-16    7.5880422044127593e-02   -4.2327252813834093e-16
   0.0000000000000000e+00    0.0000000000000000e+00    0.0000000000000000e+00
   0.0000000000000000e+00    0.0000000000000000e+00    0.0000000000000000e+00
  -1.3862027840646267e-02    3.3306690738754696e-16   -9.1746515939694462e-02
   0.0000000000000000e+00    0.0000000000000000e+00    0.0000000000000000e+00
   1.4571677198205180e-16    1.1994055831008550e-01    0.0000000000000000e+00
   0.0000000000000000e+00    0.0000000000000000e+00    0.0000000000000000e+00
  -2.8277760425558022e-02   -5.2735593669694936e-16    1.2476901497117443e-01
   1.3862027840646267e-02   -1.4571677198205180e-16    2.8277760425558022e-02
   0.0000000000000000e+00    0.0000000000000000e+00    0.0000000000000000e+00
  -3.3306690738754696e-16   -1.1994055831008550e-01    5.2735593669694936e-16
   0.0000000000000000e+00    0.0000000000000000e+00    0.0000000000000000e+00
   9.1746515939694462e-02   -0.0000000000000000e+00   -1.2476901497117443e-01
   0.0000000000000000e+00    0.0000000000000000e+00    0.0000000000000000e+00
   0.0000000000000000e+00    0.0000000000000000e+00    0.0000000000000000e+00
  -2.0816681711721685e-16   -9.1746515939694517e-02    7.2164496600635175e-16
   0.0000000000000000e+00    0.0000000000000000e+00    0.0000000000000000e+00
  -7.5880422044127760e-02    1.2836953722228372e-16    1.9475803227670585e-01
   0.0000000000000000e+00    0.0000000000000000e+00    0.0000000000000000e+00
   4.3715031594615539e-16    1.2476901497117432e-01   -1.0269562977782698e-15
   2.0816681711721685e-16    7.5880422044127760e-02   -4.3715031594615539e-16
   0.0000000000000000e+00    0.0000000000000000e+00    0.0000000000000000e+00
   9.1746515939694517e-02   -1.2836953722228372e-16   -1.2476901497117432e-01
   0.0000000000000000e+00    0.0000000000000000e+00    0.0000000000000000e+00
  -7.2164496600635175e-16   -1.9475803227670585e-01    1.0269562977782698e-15
   0.0000000000000000e+00    0.0000000000000000e+00    0.0000000000000000e+00
   0.0000000000000000e+00    0.0000000000000000e+00    0.0000000000000000e+00
  -5.2735593669694936e-16   -5.4313037713325352e-02    6.2450045135165055e-16
   0.0000000000000000e+00    0.0000000000000000e+00    0.0000000000000000e+00
   1.3862027840646392e-02   -1.5785983631388945e-16    2.8277760425558043e-02
   0.0000000000000000e+00    0.0000000000000000e+00    0.0000000000000000e+00
   3.7470027081099033e-16    7.5880422044127593e-02   -4.2327252813834093e-16
   5.2735593669694936e-16   -1.3862027840646392e-02   -3.7470027081099033e-16
   0.0000000000000000e+00    0.0000000000000000e+00    0.0000000000000000e+00
   5.4313037713325352e-02    1.5785983631388945e-16   -7.5880422044127593e-02
   0.0000000000000000e+00    0.0000000000000000e+00    0.0000000000000000e+00
  -6.2450045135165055e-16   -2.8277760425558043e-02    4.2327252813834093e-16
   0.0000000000000000e+00    0.0000000000000000e+00    0.0000000000000000e+00
   0.0000000000000000e+00    0.0000000000000000e+00    0.0000000000000000e+00
   1.3862027840646267e-02   -1.4571677198205180e-16    2.8277760425558022e-02
   0.0000000000000000e+00    0.0000000000000000e+00    0.0000000000000000e+00
  -3.3306690738754696e-16   -1.1994055831008550e-01    5.2735593669694936e-16
   0.0000000000000000e+00    0.0000000000000000e+00    0.0000000000000000e+00
   9.1746515939694462e-02   -0.0000000000000000e+00   -1.2476901497117443e-01
  -1.3862027840646267e-02    3.3306690738754696e-16   -9.1746515939694462e-02
   0.0000000000000000e+00    0.0000000000000000e+00    0.0000000000000000e+00
   1.4571677198205180e-16    1.1994055831008550e-01    0.0000000000000000e+00
   0.0000000000000000e+00    0.0000000000000000e+00    0.0000000000000000e+00
  -2.8277760425558022e-02   -5.2735593669694936e-16    1.2476901497117443e-01
   0.0000000000000000e+00    0.0000000000000000e+00    0.0000000000000000e+00
   0.0000000000000000e+00    0.0000000000000000e+00    0.0000000000000000e+00
   2.0816681711721685e-16    7.5880422044127760e-02   -4.3715031594615539e-16
   0.0000000000000000e+00    0.0000000000000000e+00    0.0000000000000000e+00
   9.1746515939694517e-02   -1.2836953722228372e-16   -1.2476901497117432e-01
   0.0000000000000000e+00    0.0000000000000000e+00    0.0000000000000000e+00
  -7.2164496600635175e-16   -1.9475803227670585e-01    1.0269562977782698e-15
  -2.0816681711721685e-16   -9.1746515939694517e-02    7.2164496600635175e-16
   0.0000000000000000e+00    0.0000000000000000e+00    0.0000000000000000e+00
  -7.5880422044127760e-02    1.2836953722228372e-16    1.9475803227670585e-01
   0.0000000000000000e+00    0.0000000000000000e+00    0.0000000000000000e+00
   4.3715031594615539e-16    1.2476901497117432e-01   -1.0269562977782698e-15
   0.0000000000000000e+00    0.0000000000000000e+00    0.0000000000000000e+00
   0.0000000000000000e+00    0.0000000000000000e+00    0.0000000000000000e+00
   0.0000000000000000e+00    0.0000000000000000e+00    0.0000000000000000e+00
   0.0000000000000000e+00    0.0000000000000000e+00    0.0000000000000000e+00
   0.0000000000000000e+00    0.0000000000000000e+00    0.0000000000000000e+00
   0.0000000000000000e+00    0.0000000000000000e+00    0.0000000000000000e+00
   0.0000000000000000e+00    0.0000000000000000e+00    0.0000000000000000e+00
   0.0000000000000000e+00    0.0000000000000000e+00    0.0000000000000000e+00
   0.0000000000000000e+00   -6.8175065553971737e-02    2.4980018054066022e-16
   0.0000000000000000e+00    0.0000000000000000e+00    0.0000000000000000e+00
   6.8175065553971737e-02    0.0000000000000000e+00   -4.7602661618569547e-02
   0.0000000000000000e+00    0.0000000000000000e+00    0.0000000000000000e+00
  -2.4980018054066022e-16    4.7602661618569547e-02    0.0000000000000000e+00
   0.0000000000000000e+00    0.0000000000000000e+00    0.0000000000000000e+00
   0.0000000000000000e+00    0.0000000000000000e+00    0.0000000000000000e+00
   0.0000000000000000e+00    0.0000000000000000e+00    0.0000000000000000e+00
   0.0000000000000000e+00    0.0000000000000000e+00    0.0000000000000000e+00
   0.0000000000000000e+00    0.0000000000000000e+00    0.0000000000000000e+00
   0.0000000000000000e+00    0.0000000000000000e+00    0.0000000000000000e+00
   0.0000000000000000e+00    0.0000000000000000e+00    0.0000000000000000e+00
   0.0000000000000000e+00    1.8735013540549517e-16   -6.3468755514136443e-02
   0.0000000000000000e+00    0.0000000000000000e+00    0.0000000000000000e+00
  -1.8735013540549517e-16    0.0000000000000000e+00    5.2735593669694936e-16
   0.0000000000000000e+00    0.0000000000000000e+00    0.0000000000000000e+00
   6.3468755514136443e-02   -5.2735593669694936e-16    0.0000000000000000e+00
   0.0000000000000000e+00    0.0000000000000000e+00    0.0000000000000000e+00
   0.0000000000000000e+00    0.0000000000000000e+00    0.0000000000000000e+00
   0.0000000000000000e+00    0.0000000000000000e+00    0.0000000000000000e+00
   0.0000000000000000e+00    0.0000000000000000e+00    0.0000000000000000e+00
   0.0000000000000000e+00    0.0000000000000000e+00    0.0000000000000000e+00
   0.0000000000000000e+00    0.0000000000000000e+00    0.0000000000000000e+00
   0.0000000000000000e+00    0.0000000000000000e+00    0.0000000000000000e+00
   0.0000000000000000e+00   -1.5866093895566757e-02    2.8449465006019636e-16
   0.0000000000000000e+00    0.0000000000000000e+00    0.0000000000000000e+00
   1.5866093895566757e-02    0.0000000000000000e+00    6.9989017305531531e-02
   0.0000000000000000e+00    0.0000000000000000e+00    0.0000000000000000e+00
  -2.8449465006019636e-16   -6.9989017305531531e-02    0.0000000000000000e+00

VVVV
4 6 6 6 6
   0.0000000000000000e+00    0.0000000000000000e+00    0.0000000000000000e+00
   0.0000000000000000e+00    0.0000000000000000e+00    0.0000000000000000e+00
   0.0000000000000000e+00    0.0000000000000000e+00    0.0000000000000000e+00
   0.0000000000000000e+00    0.0000000000000000e+00    0.0000000000000000e+00
   0.0000000000000000e+00    0.0000000000000000e+00    0.0000000000000000e+00
   0.0000000000000000e+00    0.0000000000000000e+00    0.0000000000000000e+00
   0.0000000000000000e+00    0.0000000000000000e+00    0.0000000000000000e+00
   0.0000000000000000e+00    0.0000000000000000e+00    0.0000000000000000e+00
   0.0000000000000000e+00    0.0000000000000000e+00    0.0000000000000000e+00
   0.0000000000000000e+00    0.0000000000000000e+00    0.0000000000000000e+00
   0.0000000000000000e+00    0.0000000000000000e+00    0.0000000000000000e+00
   0.0000000000000000e+00    0.0000000000000000e+00    0.0000000000000000e+00
   0.0000000000000000e+00    3.5074070551645087e-01    5.0133508455729725e-16
   0.0000000000000000e+00    0.0000000000000000e+00    0.0000000000000000e+00
  -3.5074070551645087e-01    0.0000000000000000e+00    9.4235059013818567e-02
   0.0000000000000000e+00    0.0000000000000000e+00    0.0000000000000000e+00
  -5.0133508455729725e-16   -9.4235059013818567e-02    0.0000000000000000e+00
   0.0000000000000000e+00    0.0000000000000000e+00    0.0000000000000000e+00
   0.0000000000000000e+00    0.0000000000000000e+00    0.0000000000000000e+00
   0.0000000000000000e+00    0.0000000000000000e+00    0.0000000000000000e+00
   0.0000000000000000e+00    0.0000000000000000e+00    0.0000000000000000e+00
   0.0000000000000000e+00    0.0000000000000000e+00    0.0000000000000000e+00
   0.0000000000000000e+00    0.0000000000000000e+00    0.0000000000000000e+00
   0.0000000000000000e+00    0.0000000000000000e+00    0.0000000000000000e+00
   0.0000000000000000e+00    5.0133508455729725e-16    3.7295648673989601e-01
   0.0000000000000000e+00    0.0000000000000000e+00    0.0000000000000000e+00
  -5.0133508455729725e-16    0.0000000000000000e+00   -5.1174342541315809e-17
   0.0000000000000000e+00    0.0000000000000000e+00    0.0000000000000000e+00
  -3.7295648673989601e-01    5.1174342541315809e-17    0.0000000000000000e+00
   0.0000000000000000e+00    0.0000000000000000e+00    0.0000000000000000e+00
   0.0000000000000000e+00    0.0000000000000000e+00    0.0000000000000000e+00
   0.0000000000000000e+00    0.0000000000000000e+00    0.0000000000000000e+00
   0.0000000000000000e+00    0.0000000000000000e+00    0.0000000000000000e+00
   0.0000000000000000e+00    0.0000000000000000e+00    0.0000000000000000e+00
   0.0000000000000000e+00    0.0000000000000000e+00    0.0000000000000000e+00
   0.0000000000000000e+00    0.0000000000000000e+00    0.0000000000000000e+00
   0.0000000000000000e+00    0.0000000000000000e+00    0.0000000000000000e+00
   3.8900327697467085e-01    1.7867651802561113e-16   -5.8741759781008054e-02
   0.0000000000000000e+00    0.0000000000000000e+00    0.0000000000000000e+00
   1.7867651802561113e-16    3.4789890573855897e-02   -2.3592239273284576e-16
   0.0000000000000000e+00    0.0000000000000000e+00    0.0000000000000000e+00
  -5.8741759781008041e-02   -2.3592239273284576e-16    7.1469313857092834e-02
  -3.8900327697467085e-01   -1.7867651802561113e-16    5.8741759781008041e-02
   0.0000000000000000e+00    0.0000000000000000e+00    0.0000000000000000e+00
  -1.7867651802561113e-16   -3.4789890573855897e-02    2.3592239273284576e-16
   0.0000000000000000e+00    0.0000000000000000e+00    0.0000000000000000e+00
   5.8741759781008054e-02    2.3592239273284576e-16   -7.1469313857092834e-02
   0.0000000000000000e+00    0.0000000000000000e+00    0.0000000000000000e+00
   0.0000000000000000e+00    0.0000000000000000e+00    0.0000000000000000e+00
   1.7867651802561113e-16    3.8553059609030677e-01    2.5673907444456745e-16
   0.0000000000000000e+00    0.0000000000000000e+00    0.0000000000000000e+00
   3.4789890573855904e-02    3.1550283219328179e-16   -9.0614018394347649e-03
   0.0000000000000000e+00    0.0000000000000000e+00    0.0000000000000000e+00
  -2.4459601011272980e-16   -1.0329646085325334e-01    2.7929047963226594e-16
  -1.7867651802561113e-16   -3.4789890573855904e-02    2.4459601011272980e-16
   0.0000000000000000e+00    0.0000000000000000e+00    0.0000000000000000e+00
  -3.8553059609030677e-01   -3.1550283219328179e-16    1.0329646085325334e-01
   0.0000000000000000e+00    0.0000000000000000e+00    0.0000000000000000e+00
  -2.5673907444456745e-16    9.0614018394347649e-03   -2.7929047963226594e-16
   0.0000000000000000e+00    0.0000000000000000e+00    0.0000000000000000e+00
   0.0000000000000000e+00    0.0000000000000000e+00    0.0000000000000000e+00
  -5.8741759781008047e-02    2.5673907444456745e-16    4.4442580059698888e-01
   0.0000000000000000e+00    0.0000000000000000e+00    0.0000000000000000e+00
  -2.4459601011272980e-16   -9.0614018394347649e-03    2.1597307275911248e-16
   0.0000000000000000e+00    0.0000000000000000e+00    0.0000000000000000e+00
   7.1469313857092862e-02    2.6714741530042829e-16   -1.6783037576254226e-01
   5.8741759781008047e-02    2.4459601011272980e-16   -7.1469313857092862e-02
   0.0000000000000000e+00    0.0000000000000000e+00    0.0000000000000000e+00
  -2.5673907444456745e-16    9.0614018394347649e-03   -2.6714741530042829e-16
   0.0000000000000000e+00    0.0000000000000000e+00    0.0000000000000000e+00
  -4.4442580059698888e-01   -2.1597307275911248e-16    1.6783037576254226e-01
   0.0000000000000000e+00    0.0000000000000000e+00    0.0000000000000000e+00
   0.0000000000000000e+00   -3.5074070551645087e-01   -5.0133508455729725e-16
   0.0000000000000000e+00    0.0000000000000000e+00    0.0000000000000000e+00
   3.5074070551645087e-01    0.0000000000000000e+00   -9.4235059013818567e-02
   0.0000000000000000e+00    0.0000000000000000e+00    0.0000000000000000e+00
   5.0133508455729725e-16    9.4235059013818567e-02    0.0000000000000000e+00
   0.0000000000000000e+00    0.0000000000000000e+00    0.0000000000000000e+00
   0.0000000000000000e+00    0.0000000000000000e+00    0.0000000000000000e+00
   0.0000000000000000e+00    0.0000000000000000e+00    0.0000000000000000e+00
   0.0000000000000000e+00    0.0000000000000000e+00    0.0000000000000000e+00
   0.0000000000000000e+00    0.0000000000000000e+00    0.0000000000000000e+00
   0.0000000000000000e+00    0.0000000000000000e+00    0.0000000000000000e+00
   0.0000000000000000e+00    0.0000000000000000e+00    0.0000000000000000e+00
   0.0000000000000000e+00    0.0000000000000000e+00    0.0000000000000000e+00
   0.0000000000000000e+00    0.0000000000000000e+00    0.0000000000000000e+00
   0.0000000000000000e+00    0.0000000000000000e+00    0.0000000000000000e+00
   0.0000000000000000e+00    0.0000000000000000e+00    0.0000000000000000e+00
   0.0000000000000000e+00    0.0000000000000000e+00    0.0000000000000000e+00
   0.0000000000000000e+00    0.0000000000000000e+00    0.0000000000000000e+00
   0.0000000000000000e+00    0.0000000000000000e+00    0.0000000000000000e+00
   0.0000000000000000e+00    0.0000000000000000e+00    0.0000000000000000e+00
   0.0000000000000000e+00    0.0000000000000000e+00    0.0000000000000000e+00
   0.0000000000000000e+00    0.0000000000000000e+00    0.0000000000000000e+00
   0.0000000000000000e+00    0.0000000000000000e+00    0.0000000000000000e+00
   0.0000000000000000e+00    0.0000000000000000e+00    0.0000000000000000e+00
   0.0000000000000000e+00    9.4235059013818567e-02   -5.1174342541315809e-17
   0.0000000000000000e+00    0.0000000000000000e+00    0.0000000000000000e+00
  -9.4235059013818567e-02    0.0000000000000000e+00    4.0958752382783237e-01
   0.0000000000000000e+00    0.0000000000000000e+00    0.0000000000000000e+00
   5.1174342541315809e-17   -4.0958752382783237e-01    0.0000000000000000e+00
   0.0000000000000000e+00    0.0000000000000000e+00    0.0000000000000000e+00
   0.0000000000000000e+00    0.0000000000000000e+00    0.0000000000000000e+00
   0.0000000000000000e+00    0.0000000000000000e+00    0.0000000000000000e+00
   0.0000000000000000e+00    0.0000000000000000e+00    0.0000000000000000e+00
   0.0000000000000000e+00    0.0000000000000000e+00    0.0000000000000000e+00
   0.0000000000000000e+00    0.0000000000000000e+00    0.0000000000000000e+00
   0.0000000000000000e+00    0.0000000000000000e+00    0.0000000000000000e+00
   0.0000000000000000e+00    0.0000000000000000e+00    0.0000000000000000e+00
   1.7867651802561113e-16    3.4789890573855904e-02   -2.4459601011272980e-16
   0.0000000000000000e+00    0.0000000000000000e+00    0.0000000000000000e+00
   3.8553059609030671e-01    3.1550283219328179e-16   -1.0329646085325334e-01
   0.0000000000000000e+00    0.0000000000000000e+00    0.0000000000000000e+00
   2.5673907444456745e-16   -9.0614018394347649e-03    2.7929047963226594e-16
  -1.7867651802561113e-16   -3.8553059609030671e-01   -2.5673907444456745e-16
   0.0000000000000000e+00    0.0000000000000000e+00    0.0000000000000000e+00
  -3.4789890573855904e-02   -3.1550283219328179e-16    9.0614018394347649e-03
   0.0000000000000000e+00    0.0000000000000000e+00    0.0000000000000000e+00
   2.4459601011272980e-16    1.0329646085325334e-01   -2.7929047963226594e-16
   0.0000000000000000e+00    0.0000000000000000e+00    0.0000000000000000e+00
   0.0000000000000000e+00    0.0000000000000000e+00    0.0000000000000000e+00
   3.4789890573855897e-02    3.1550283219328179e-16   -9.0614018394347649e-03
   0.0000000000000000e+00    0.0000000000000000e+00    0.0000000000000000e+00
   3.1550283219328179e-16    4.6553407208342901e-01    1.5959455978986625e-16
   0.0000000000000000e+00    0.0000000000000000e+00    0.0000000000000000e+00
  -9.0614018394347649e-03    1.5959455978986625e-16    1.3821569982808057e-01
  -3.4789890573855897e-02   -3.1550283219328179e-16    9.0614018394347649e-03
   0.0000000000000000e+00    0.0000000000000000e+00    0.0000000000000000e+00
  -3.1550283219328179e-16   -4.6553407208342901e-01   -1.5959455978986625e-16
   0.0000000000000000e+00    0.0000000000000000e+00    0.0000000000000000e+00
   9.0614018394347649e-03   -1.5959455978986625e-16   -1.3821569982808057e-01
   0.0000000000000000e+00    0.0000000000000000e+00    0.0000000000000000e+00
   0.0000000000000000e+00    0.0000000000000000e+00    0.0000000000000000e+00
  -2.3592239273284576e-16   -9.0614018394347667e-03    2.1597307275911248e-16
   0.0000000000000000e+00    0.0000000000000000e+00    0.0000000000000000e+00
  -1.0329646085325334e-01    1.5959455978986625e-16    5.4780322365591294e-01
   0.0000000000000000e+00    0.0000000000000000e+00    0.0000000000000000e+00
   2.6714741530042829e-16    1.3821569982808057e-01   -4.5102810375396984e-16
   2.3592239273284576e-16    1.0329646085325334e-01   -2.6714741530042829e-16
   0.0000000000000000e+00    0.0000000000000000e+00    0.0000000000000000e+00
   9.0614018394347667e-03   -1.5959455978986625e-16   -1.3821569982808057e-01
   0.0000000000000000e+00    0.0000000000000000e+00    0.0000000000000000e+00
  -2.1597307275911248e-16   -5.4780322365591294e-01    4.5102810375396984e-16
   0.0000000000000000e+00    0.0000000000000000e+00    0.0000000000000000e+00
   0.0000000000000000e+00   -5.0133508455729725e-16   -3.7295648673989601e-01
   0.0000000000000000e+00    0.0000000000000000e+00    0.0000000000000000e+00
   5.0133508455729725e-16    0.0000000000000000e+00    5.1174342541315809e-17
   0.0000000000000000e+00    0.0000000000000000e+00    0.0000000000000000e+00
   3.7295648673989601e-01   -5.1174342541315809e-17    0.0000000000000000e+00
   0.0000000000000000e+00    0.0000000000000000e+00    0.0000000000000000e+00
   0.0000000000000000e+00    0.0000000000000000e+00    0.0000000000000000e+00
   0.0000000000000000e+00    0.0000000000000000e+00    0.0000000000000000e+00
   0.0000000000000000e+00    0.0000000000000000e+00    0.0000000000000000e+00
   0.0000000000000000e+00    0.0000000000000000e+00    0.0000000000000000e+00
   0.0000000000000000e+00    0.0000000000000000e+00    0.0000000000000000e+00
   0.0000000000000000e+00    0.0000000000000000e+00    0.0000000000000000e+00
   0.0000000000000000e+00   -9.4235059013818567e-02    5.1174342541315809e-17
   0.0000000000000000e+00    0.0000000000000000e+00    0.0000000000000000e+00
   9.4235059013818567e-02    0.0000000000000000e+00   -4.0958752382783231e-01
   0.0000000000000000e+00    0.0000000000000000e+00    0.0000000000000000e+00
  -5.1174342541315809e-17    4.0958752382783231e-01    0.0000000000000000e+00
   0.0000000000000000e+00    0.0000000000000000e+00    0.0000000000000000e+00
   0.0000000000000000e+00    0.0000000000000000e+00    0.0000000000000000e+00
   0.0000000000000000e+00    0.0000000000000000e+00    0.0000000000000000e+00
   0.0000000000000000e+00    0.0000000000000000e+00    0.0000000000000000e+00
   0.0000000000000000e+00    0.0000000000000000e+00    0.0000000000000000e+00
   0.0000000000000000e+00    0.0000000000000000e+00    0.0000000000000000e+00
   0.0000000000000000e+00    0.0000000000000000e+00    0.0000000000000000e+00
   0.0000000000000000e+00    0.0000000000000000e+00    0.0000000000000000e+00
   0.0000000000000000e+00    0.0000000000000000e+00    0.0000000000000000e+00
   0.0000000000000000e+00    0.0000000000000000e+00    0.0000000000000000e+00
   0.0000000000000000e+00    0.0000000000000000e+00    0.0000000000000000e+00
   0.0000000000000000e+00    0.0000000000000000e+00    0.0000000000000000e+00
   0.0000000000000000e+00    0.0000000000000000e+00    0.0000000000000000e+00
   0.0000000000000000e+00    0.0000000000000000e+00    0.0000000000000000e+00
   0.0000000000000000e+00    0.0000000000000000e+00    0.0000000000000000e+00
   0.0000000000000000e+00    0.0000000000000000e+00    0.0000000000000000e+00
   0.0000000000000000e+00    0.0000000000000000e+00    0.0000000000000000e+00
   0.0000000000000000e+00    0.0000000000000000e+00    0.0000000000000000e+00
   0.0000000000000000e+00    0.0000000000000000e+00    0.0000000000000000e+00
   0.0000000000000000e+00    0.0000000000000000e+00    0.0000000000000000e+00
  -5.8741759781008047e-02   -2.4459601011272980e-16    7.1469313857092862e-02
   0.0000000000000000e+00    0.0000000000000000e+00    0.0000000000000000e+00
   2.5673907444456745e-16   -9.0614018394347649e-03    2.6714741530042829e-16
   0.0000000000000000e+00    0.0000000000000000e+00    0.0000000000000000e+00
   4.4442580059698888e-01    2.1597307275911248e-16   -1.6783037576254226e-01
   5.8741759781008047e-02   -2.5673907444456745e-16   -4.4442580059698888e-01
   0.0000000000000000e+00    0.0000000000000000e+00    0.0000000000000000e+00
   2.4459601011272980e-16    9.0614018394347649e-03   -2.1597307275911248e-16
   0.0000000000000000e+00    0.0000000000000000e+00    0.0000000000000000e+00
  -7.1469313857092862e-02   -2.6714741530042829e-16    1.6783037576254226e-01
   0.0000000000000000e+00    0.0000000000000000e+00    0.0000000000000000e+00
   0.0000000000000000e+00    0.0000000000000000e+00    0.0000000000000000e+00
  -2.3592239273284576e-16   -1.0329646085325334e-01    2.6714741530042829e-16
   0.0000000000000000e+00    0.0000000000000000e+00    0.0000000000000000e+00
  -9.0614018394347649e-03    1.5959455978986625e-16    1.3821569982808057e-01
   0.0000000000000000e+00    0.0000000000000000e+00    0.0000000000000000e+00
   2.1597307275911248e-16    5.4780322365591294e-01   -4.5102810375396984e-16
   2.3592239273284576e-16    9.0614018394347649e-03   -2.1597307275911248e-16
   0.0000000000000000e+00    0.0000000000000000e+00    0.0000000000000000e+00
   1.0329646085325334e-01   -1.5959455978986625e-16   -5.4780322365591294e-01
   0.0000000000000000e+00    0.0000000000000000e+00    0.0000000000000000e+00
  -2.6714741530042829e-16   -1.3821569982808057e-01    4.5102810375396984e-16
   0.0000000000000000e+00    0.0000000000000000e+00    0.0000000000000000e+00
   0.0000000000000000e+00    0.0000000000000000e+00    0.0000000000000000e+00
   7.1469313857092834e-02    2.7929047963226594e-16   -1.6783037576254223e-01
   0.0000000000000000e+00    0.0000000000000000e+00    0.0000000000000000e+00
   2.7929047963226594e-16    1.3821569982808057e-01   -4.5102810375396984e-16
   0.0000000000000000e+00    0.0000000000000000e+00    0.0000000000000000e+00
  -1.6783037576254226e-01   -4.5102810375396984e-16    7.1377580779056160e-01
  -7.1469313857092834e-02   -2.7929047963226594e-16    1.6783037576254226e-01
   0.0000000000000000e+00    0.0000000000000000e+00    0.0000000000000000e+00
  -2.7929047963226594e-16   -1.3821569982808057e-01    4.5102810375396984e-16
   0.0000000000000000e+00    0.0000000000000000e+00    0.0000000000000000e+00
   1.6783037576254223e-01    4.5102810375396984e-16   -7.1377580779056160e-01
   0.0000000000000000e+00    0.0000000000000000e+00    0.0000000000000000e+00
   0.0000000000000000e+00    0.0000000000000000e+00    0.0000000000000000e+00
  -3.8900327697467085e-01   -1.7867651802561113e-16    5.8741759781008054e-02
   0.0000000000000000e+00    0.0000000000000000e+00    0.0000000000000000e+00
  -1.7867651802561113e-16   -3.4789890573855897e-02    2.3592239273284576e-16
   0.0000000000000000e+00    0.0000000000000000e+00    0.0000000000000000e+00
   5.8741759781008041e-02    2.3592239273284576e-16   -7.1469313857092834e-02
   3.8900327697467085e-01    1.7867651802561113e-16   -5.8741759781008041e-02
   0.0000000000000000e+00    0.0000000000000000e+00    0.0000000000000000e+00
   1.7867651802561113e-16    3.4789890573855897e-02   -2.3592239273284576e-16
   0.0000000000000000e+00    0.0000000000000000e+00    0.0000000000000000e+00
  -5.8741759781008054e-02   -2.3592239273284576e-16    7.1469313857092834e-02
   0.0000000000000000e+00    0.0000000000000000e+00    0.0000000000000000e+00
   0.0000000000000000e+00    0.0000000000000000e+00    0.0000000000000000e+00
  -1.7867651802561113e-16   -3.4789890573855904e-02    2.4459601011272980e-16
   0.0000000000000000e+00    0.0000000000000000e+00    0.0000000000000000e+00
  -3.8553059609030671e-01   -3.1550283219328179e-16    1.0329646085325334e-01
   0.0000000000000000e+00    0.0000000000000000e+00    0.0000000000000000e+00
  -2.5673907444456745e-16    9.0614018394347649e-03   -2.7929047963226594e-16
   1.7867651802561113e-16    3.8553059609030671e-01    2.5673907444456745e-16
   0.0000000000000000e+00    0.0000000000000000e+00    0.0000000000000000e+00
   3.4789890573855904e-02    3.1550283219328179e-16   -9.0614018394347649e-03
   0.0000000000000000e+00    0.0000000000000000e+00    0.0000000000000000e+00
  -2.4459601011272980e-16   -1.0329646085325334e-01    2.7929047963226594e-16
   0.0000000000000000e+00    0.0000000000000000e+00    0.0000000000000000e+00
   0.0000000000000000e+00    0.0000000000000000e+00    0.0000000000000000e+00
   5.8741759781008047e-02    2.4459601011272980e-16   -7.1469313857092862e-02
   0.0000000000000000e+00    0.0000000000000000e+00    0.0000000000000000e+00
  -2.5673907444456745e-16    9.0614018394347649e-03   -2.6714741530042829e-16
   0.0000000000000000e+00    0.0000000000000000e+00    0.0000000000000000e+00
  -4.4442580059698888e-01   -2.1597307275911248e-16    1.6783037576254226e-01
  -5.8741759781008047e-02    2.5673907444456745e-16    4.4442580059698888e-01
   0.0000000000000000e+00    0.0000000000000000e+00    0.0000000000000000e+00
  -2.4459601011272980e-16   -9.0614018394347649e-03    2.1597307275911248e-16
   0.0000000000000000e+00    0.0000000000000000e+00    0.0000000000000000e+00
   7.1469313857092862e-02    2.6714741530042829e-16   -1.6783037576254226e-01
   0.0000000000000000e+00    0.0000000000000000e+00    0.0000000000000000e+00
   0.0000000000000000e+00    0.0000000000000000e+00    0.0000000000000000e+00
   0.0000000000000000e+00    0.0000000000000000e+00    0.0000000000000000e+00
   0.0000000000000000e+00    0.0000000000000000e+00    0.0000000000000000e+00
   0.0000000000000000e+00    0.0000000000000000e+00    0.0000000000000000e+00
   0.0000000000000000e+00    0.0000000000000000e+00    0.0000000000000000e+00
   0.0000000000000000e+00    0.0000000000000000e+00    0.0000000000000000e+00
   0.0000000000000000e+00    0.0000000000000000e+00    0.0000000000000000e+00
   0.0000000000000000e+00    0.0000000000000000e+00    0.0000000000000000e+00
   0.0000000000000000e+00    0.0000000000000000e+00    0.0000000000000000e+00
   0.0000000000000000e+00    0.0000000000000000e+00    0.0000000000000000e+00
   0.0000000000000000e+00    0.0000000000000000e+00    0.0000000000000000e+00
   0.0000000000000000e+00    0.0000000000000000e+00    0.0000000000000000e+00
   0.0000000000000000e+00    0.0000000000000000e+00    0.0000000000000000e+00
   0.0000000000000000e+00    0.0000000000000000e+00    0.0000000000000000e+00
   0.0000000000000000e+00    0.0000000000000000e+00    0.0000000000000000e+00
   0.0000000000000000e+00    0.0000000000000000e+00    0.0000000000000000e+00
   0.0000000000000000e+00    0.0000000000000000e+00    0.0000000000000000e+00
   0.0000000000000000e+00    0.0000000000000000e+00    0.0000000000000000e+00
   0.0000000000000000e+00    0.0000000000000000e+00    0.0000000000000000e+00
   0.0000000000000000e+00    3.5074070551645087e-01    5.0133508455729725e-16
   0.0000000000000000e+00    0.0000000000000000e+00    0.0000000000000000e+00
  -3.5074070551645087e-01    0.0000000000000000e+00    9.4235059013818567e-02
   0.0000000000000000e+00    0.0000000000000000e+00    0.0000000000000000e+00
  -5.0133508455729725e-16   -9.4235059013818567e-02    0.0000000000000000e+00
   0.0000000000000000e+00    0.0000000000000000e+00    0.0000000000000000e+00
   0.0000000000000000e+00    0.0000000000000000e+00    0.0000000000000000e+00
   0.0000000000000000e+00    0.0000000000000000e+00    0.0000000000000000e+00
   0.0000000000000000e+00    0.0000000000000000e+00    0.0000000000000000e+00
   0.0000000000000000e+00    0.0000000000000000e+00    0.0000000000000000e+00
   0.0000000000000000e+00    0.0000000000000000e+00    0.0000000000000000e+00
   0.0000000000000000e+00    0.0000000000000000e+00    0.0000000000000000e+00
   0.0000000000000000e+00    5.0133508455729725e-16    3.7295648673989601e-01
   0.0000000000000000e+00    0.0000000000000000e+00    0.0000000000000000e+00
  -5.0133508455729725e-16    0.0000000000000000e+00   -5.1174342541315809e-17
   0.0000000000000000e+00    0.0000000000000000e+00    0.0000000000000000e+00
  -3.7295648673989601e-01    5.1174342541315809e-17    0.0000000000000000e+00
   0.0000000000000000e+00    0.0000000000000000e+00    0.0000000000000000e+00
  -1.7867651802561113e-16   -3.8553059609030677e-01   -2.5673907444456745e-16
   0.0000000000000000e+00    0.0000000000000000e+00    0.0000000000000000e+00
  -3.4789890573855904e-02   -3.1550283219328179e-16    9.0614018394347649e-03
   0.0000000000000000e+00    0.0000000000000000e+00    0.0000000000000000e+00
   2.4459601011272980e-16    1.0329646085325334e-01   -2.7929047963226594e-16
   1.7867651802561113e-16    3.4789890573855904e-02   -2.4459601011272980e-16
   0.0000000000000000e+00    0.0000000000000000e+00    0.0000000000000000e+00
   3.8553059609030677e-01    3.1550283219328179e-16   -1.0329646085325334e-01
   0.0000000000000000e+00    0.0000000000000000e+00    0.0000000000000000e+00
   2.5673907444456745e-16   -9.0614018394347649e-03    2.7929047963226594e-16
   0.0000000000000000e+00    0.0000000000000000e+00    0.0000000000000000e+00
   0.0000000000000000e+00    0.0000000000000000e+00    0.0000000000000000e+00
  -3.4789890573855897e-02   -3.1550283219328179e-16    9.0614018394347649e-03
   0.0000000000000000e+00    0.0000000000000000e+00    0.0000000000000000e+00
  -3.1550283219328179e-16   -4.6553407208342901e-01   -1.5959455978986625e-16
   0.0000000000000000e+00    0.0000000000000000e+00    0.0000000000000000e+00
   9.0614018394347649e-03   -1.5959455978986625e-16   -1.3821569982808057e-01
   3.4789890573855897e-02    3.1550283219328179e-16   -9.0614018394347649e-03
   0.0000000000000000e+00    0.0000000000000000e+00    0.0000000000000000e+00
   3.1550283219328179e-16    4.6553407208342901e-01    1.5959455978986625e-16
   0.0000000000000000e+00    0.0000000000000000e+00    0.0000000000000000e+00
  -9.0614018394347649e-03    1.5959455978986625e-16    1.3821569982808057e-01
   0.0000000000000000e+00    0.0000000000000000e+00    0.0000000000000000e+00
   0.0000000000000000e+00    0.0000000000000000e+00    0.0000000000000000e+00
   2.3592239273284576e-16    1.0329646085325334e-01   -2.6714741530042829e-16
   0.0000000000000000e+00    0.0000000000000000e+00    0.0000000000000000e+00
   9.0614018394347649e-03   -1.5959455978986625e-16   -1.3821569982808057e-01
   0.0000000000000000e+00    0.0000000000000000e+00    0.0000000000000000e+00
  -2.1597307275911248e-16   -5.4780322365591294e-01    4.5102810375396984e-16
  -2.3592239273284576e-16   -9.0614018394347649e-03    2.1597307275911248e-16
   0.0000000000000000e+00    0.0000000000000000e+00    0.0000000000000000e+00
  -1.0329646085325334e-01    1.5959455978986625e-16    5.4780322365591294e-01
   0.0000000000000000e+00    0.0000000000000000e+00    0.0000000000000000e+00
   2.6714741530042829e-16    1.3821569982808057e-01   -4.5102810375396984e-16
   0.0000000000000000e+00    0.0000000000000000e+00    0.0000000000000000e+00
   0.0000000000000000e+00    0.0000000000000000e+00    0.0000000000000000e+00
   0.0000000000000000e+00    0.0000000000000000e+00    0.0000000000000000e+00
   0.0000000000000000e+00    0.0000000000000000e+00    0.0000000000000000e+00
   0.0000000000000000e+00    0.0000000000000000e+00    0.0000000000000000e+00
   0.0000000000000000e+00    0.0000000000000000e+00    0.0000000000000000e+00
   0.0000000000000000e+00    0.0000000000000000e+00    0.0000000000000000e+00
   0.0000000000000000e+00    0.0000000000000000e+00    0.0000000000000000e+00
   0.0000000000000000e+00   -3.5074070551645087e-01   -5.0133508455729725e-16
   0.0000000000000000e+00    0.0000000000000000e+00    0.0000000000000000e+00
   3.5074070551645087e-01    0.0000000000000000e+00   -9.4235059013818567e-02
   0.0000000000000000e+00    0.0000000000000000e+00    0.0000000000000000e+00
   5.0133508455729725e-16    9.4235059013818567e-02    0.0000000000000000e+00
   0.0000000000000000e+00    0.0000000000000000e+00    0.0000000000000000e+00
   0.0000000000000000e+00    0.0000000000000000e+00    0.0000000000000000e+00
   0.0000000000000000e+00    0.0000000000000000e+00    0.0000000000000000e+00
   0.0000000000000000e+00    0.0000000000000000e+00    0.0000000000000000e+00
   0.0000000000000000e+00    0.0000000000000000e+00    0.0000000000000000e+00
   0.0000000000000000e+00    0.0000000000000000e+00    0.0000000000000000e+00
   0.0000000000000000e+00    0.0000000000000000e+00    0.0000000000000000e+00
   0.0000000000000000e+00    0.0000000000000000e+00    0.0000000000000000e+00
   0.0000000000000000e+00    0.0000000000000000e+00    0.0000000000000000e+00
   0.0000000000000000e+00    0.0000000000000000e+00    0.0000000000000000e+00
   0.0000000000000000e+00    0.0000000000000000e+00    0.0000000000000000e+00
   0.0000000000000000e+00    0.0000000000000000e+00    0.0000000000000000e+00
   0.0000000000000000e+00    0.0000000000000000e+00    0.0000000000000000e+00
   0.0000000000000000e+00    0.0000000000000000e+00    0.0000000000000000e+00
   0.0000000000000000e+00    0.0000000000000000e+00    0.0000000000000000e+00
   0.0000000000000000e+00    0.0000000000000000e+00    0.0000000000000000e+00
   0.0000000000000000e+00    0.0000000000000000e+00    0.0000000000000000e+00
   0.0000000000000000e+00    0.0000000000000000e+00    0.0000000000000000e+00
   0.0000000000000000e+00    0.0000000000000000e+00    0.0000000000000000e+00
   0.0000000000000000e+00    9.4235059013818567e-02   -5.1174342541315809e-17
   0.0000000000000000e+00    0.0000000000000000e+00    0.0000000000000000e+00
  -9.4235059013818567e-02    0.0000000000000000e+00    4.0958752382783237e-01
   0.0000000000000000e+00    0.0000000000000000e+00    0.0000000000000000e+00
   5.1174342541315809e-17   -4.0958752382783237e-01    0.0000000000000000e+00
   0.0000000000000000e+00    0.0000000000000000e+00    0.0000000000000000e+00
   5.8741759781008047e-02   -2.5673907444456745e-16   -4.4442580059698888e-01
   0.0000000000000000e+00    0.0000000000000000e+00    0.0000000000000000e+00
   2.4459601011272980e-16    9.0614018394347649e-03   -2.1597307275911248e-16
   0.0000000000000000e+00    0.0000000000000000e+00    0.0000000000000000e+00
  -7.1469313857092862e-02   -2.6714741530042829e-16    1.6783037576254226e-01
  -5.8741759781008047e-02   -2.4459601011272980e-16    7.1469313857092862e-02
   0.0000000000000000e+00    0.0000000000000000e+00    0.0000000000000000e+00
   2.5673907444456745e-16   -9.0614018394347649e-03    2.6714741530042829e-16
   0.0000000000000000e+00    0.0000000000000000e+00    0.0000000000000000e+00
   4.4442580059698888e-01    2.1597307275911248e-16   -1.6783037576254226e-01
   0.0000000000000000e+00    0.0000000000000000e+00    0.0000000000000000e+00
   0.0000000000000000e+00    0.0000000000000000e+00    0.0000000000000000e+00
   2.3592239273284576e-16    9.0614018394347667e-03   -2.1597307275911248e-16
   0.0000000000000000e+00    0.0000000000000000e+00    0.0000000000000000e+00
   1.0329646085325334e-01   -1.5959455978986625e-16   -5.4780322365591294e-01
   0.0000000000000000e+00    0.0000000000000000e+00    0.0000000000000000e+00
  -2.6714741530042829e-16   -1.3821569982808057e-01    4.5102810375396984e-16
  -2.3592239273284576e-16   -1.0329646085325334e-01    2.6714741530042829e-16
   0.0000000000000000e+00    0.0000000000000000e+00    0.0000000000000000e+00
  -9.0614018394347667e-03    1.5959455978986625e-16    1.3821569982808057e-01
   0.0000000000000000e+00    0.0000000000000000e+00    0.0000000000000000e+00
   2.1597307275911248e-16    5.4780322365591294e-01   -4.5102810375396984e-16
   0.0000000000000000e+00    0.0000000000000000e+00    0.0000000000000000e+00
   0.0000000000000000e+00    0.0000000000000000e+00    0.0000000000000000e+00
  -7.1469313857092834e-02   -2.7929047963226594e-16    1.6783037576254223e-01
   0.0000000000000000e+00    0.0000000000000000e+00    0.0000000000000000e+00
  -2.7929047963226594e-16   -1.3821569982808057e-01    4.5102810375396984e-16
   0.0000000000000000e+00    0.0000000000000000e+00    0.0000000000000000e+00
   1.6783037576254226e-01    4.5102810375396984e-16   -7.1377580779056160e-01
   7.1469313857092834e-02    2.7929047963226594e-16   -1.6783037576254226e-01
   0.0000000000000000e+00    0.0000000000000000e+00    0.0000000000000000e+00
   2.7929047963226594e-16    1.3821569982808057e-01   -4.5102810375396984e-16
   0.0000000000000000e+00    0.0000000000000000e+00    0.0000000000000000e+00
  -1.6783037576254223e-01   -4.5102810375396984e-16    7.1377580779056160e-01
   0.0000000000000000e+00    0.0000000000000000e+00    0.0000000000000000e+00
   0.0000000000000000e+00    0.0000000000000000e+00    0.0000000000000000e+00
   0.0000000000000000e+00    0.0000000000000000e+00    0.0000000000000000e+00
   0.0000000000000000e+00    0.0000000000000000e+00    0.0000000000000000e+00
   0.0000000000000000e+00    0.0000000000000000e+00    0.0000000000000000e+00
   0.0000000000000000e+00    0.0000000000000000e+00    0.0000000000000000e+00
   0.0000000000000000e+00    0.0000000000000000e+00    0.0000000000000000e+00
   0.0000000000000000e+00    0.0000000000000000e+00    0.0000000000000000e+00
   0.0000000000000000e+00   -5.0133508455729725e-16   -3.7295648673989601e-01
   0.0000000000000000e+00    0.0000000000000000e+00    0.0000000000000000e+00
   5.0133508455729725e-16    0.0000000000000000e+00    5.1174342541315809e-17
   0.0000000000000000e+00    0.0000000000000000e+00    0.0000000000000000e+00
   3.7295648673989601e-01   -5.1174342541315809e-17    0.0000000000000000e+00
   0.0000000000000000e+00    0.0000000000000000e+00    0.0000000000000000e+00
   0.0000000000000000e+00    0.0000000000000000e+00    0.0000000000000000e+00
   0.0000000000000000e+00    0.0000000000000000e+00    0.0000000000000000e+00
   0.0000000000000000e+00    0.0000000000000000e+00    0.0000000000000000e+00
   0.0000000000000000e+00    0.0000000000000000e+00    0.0000000000000000e+00
   0.0000000000000000e+00    0.0000000000000000e+00    0.0000000000000000e+00
   0.0000000000000000e+00    0.0000000000000000e+00    0.0000000000000000e+00
   0.0000000000000000e+00   -9.4235059013818567e-02    5.1174342541315809e-17
   0.0000000000000000e+00    0.0000000000000000e+00    0.0000000000000000e+00
   9.4235059013818567e-02    0.0000000000000000e+00   -4.0958752382783231e-01
   0.0000000000000000e+00    0.0000000000000000e+00    0.0000000000000000e+00
  -5.1174342541315809e-17    4.0958752382783231e-01    0.0000000000000000e+00
   0.0000000000000000e+00    0.0000000000000000e+00    0.0000000000000000e+00
   0.0000000000000000e+00    0.0000000000000000e+00    0.0000000000000000e+00
   0.0000000000000000e+00    0.0000000000000000e+00    0.0000000000000000e+00
   0.0000000000000000e+00    0.0000000000000000e+00    0.0000000000000000e+00
   0.0000000000000000e+00    0.0000000000000000e+00    0.0000000000000000e+00
   0.0000000000000000e+00    0.0000000000000000e+00    0.0000000000000000e+00
   0.0000000000000000e+00    0.0000000000000000e+00    0.0000000000000000e+00
   0.0000000000000000e+00    0.0000000000000000e+00    0.0000000000000000e+00
   0.0000000000000000e+00    0.0000000000000000e+00    0.0000000000000000e+00
   0.0000000000000000e+00    0.0000000000000000e+00    0.0000000000000000e+00
   0.0000000000000000e+00    0.0000000000000000e+00    0.0000000000000000e+00
   0.0000000000000000e+00    0.0000000000000000e+00    0.0000000000000000e+00

