[[0, 4], [1, 5], [0, 2], [1, 3]] 0.00010631114232373395
[[0, 1, 2, 3], [0, 2], [1, 3]] 5.197305439208488e-05
[[0, 6], [1, 7], [0, 2], [1, 3]] -0.00033774523954799296
[[0, 1, 2, 5], [0, 1, 4, 3], [0, 2], [1, 3]] 0.000648062585785647
[[0, 1, 2, 7], [0, 1, 6, 3], [0, 2], [1, 3]] 0.00027852986567888927
[[0, 1, 4, 5], [0, 2], [1, 3]] 0.00014382235378707087
[[0, 1, 4, 7], [0, 1, 6, 5], [0, 2], [1, 3]] -0.0011559608067335247
[[0, 1, 6, 7], [0, 2], [1, 3]] 0.00023347832538311852
min [[0, 1, 4, 7], [0, 1, 6, 5], [0, 2], [1, 3]] -0.0011559608067335247
========================================
  1       2      3        15.284381        0.0015  
[[0, 4], [1, 5], [0, 1, 4, 7], [0, 1, 6, 5], [0, 2], [1, 3]] 0.00010655872731457627
[[0, 1, 2, 3], [0, 1, 4, 7], [0, 1, 6, 5], [0, 2], [1, 3]] 5.1999356106002814e-05
[[0, 6], [1, 7], [0, 1, 4, 7], [0, 1, 6, 5], [0, 2], [1, 3]] -0.00020147851102381154
[[0, 1, 2, 5], [0, 1, 4, 3], [0, 1, 4, 7], [0, 1, 6, 5], [0, 2], [1, 3]] 0.0007294994761205542
[[0, 1, 2, 7], [0, 1, 6, 3], [0, 1, 4, 7], [0, 1, 6, 5], [0, 2], [1, 3]] 0.0002787774667091236
[[0, 1, 4, 5], [0, 1, 4, 7], [0, 1, 6, 5], [0, 2], [1, 3]] 0.00014384865550087778
[[0, 1, 6, 7], [0, 1, 4, 7], [0, 1, 6, 5], [0, 2], [1, 3]] 0.00023350462709703645
min [[0, 6], [1, 7], [0, 1, 4, 7], [0, 1, 6, 5], [0, 2], [1, 3]] -0.00020147851102381154
========================================
  1       3      5        15.278899        0.0002  
[[0, 4], [1, 5], [0, 6], [1, 7], [0, 1, 4, 7], [0, 1, 6, 5], [0, 2], [1, 3]] 0.00010682547418694455
[[0, 1, 2, 3], [0, 6], [1, 7], [0, 1, 4, 7], [0, 1, 6, 5], [0, 2], [1, 3]] 5.225347255066737e-05
[[0, 1, 2, 5], [0, 1, 4, 3], [0, 6], [1, 7], [0, 1, 4, 7], [0, 1, 6, 5], [0, 2], [1, 3]] 0.0006959987775081444
[[0, 1, 2, 7], [0, 1, 6, 3], [0, 6], [1, 7], [0, 1, 4, 7], [0, 1, 6, 5], [0, 2], [1, 3]] 0.0002790442135814919
[[0, 1, 4, 5], [0, 6], [1, 7], [0, 1, 4, 7], [0, 1, 6, 5], [0, 2], [1, 3]] 0.00014410277194565335
[[0, 1, 6, 7], [0, 6], [1, 7], [0, 1, 4, 7], [0, 1, 6, 5], [0, 2], [1, 3]] 0.00023375874354158999
min [[0, 1, 2, 3], [0, 6], [1, 7], [0, 1, 4, 7], [0, 1, 6, 5], [0, 2], [1, 3]] 5.225347255066737e-05
========================================
  1       4      5        15.278899        0.0000  
