T2 amplitudes:
4 10 10 4 4
   0.0000000000000000e+00    0.0000000000000000e+00    0.0000000000000000e+00
   0.0000000000000000e+00    0.0000000000000000e+00    0.0000000000000000e+00
   0.0000000000000000e+00    0.0000000000000000e+00    0.0000000000000000e+00
   0.0000000000000000e+00    0.0000000000000000e+00    0.0000000000000000e+00
   0.0000000000000000e+00    0.0000000000000000e+00    0.0000000000000000e+00
   0.0000000000000000e+00    0.0000000000000000e+00    0.0000000000000000e+00
   0.0000000000000000e+00    0.0000000000000000e+00    0.0000000000000000e+00
   0.0000000000000000e+00    0.0000000000000000e+00    0.0000000000000000e+00
   0.0000000000000000e+00    0.0000000000000000e+00    0.0000000000000000e+00
   0.0000000000000000e+00    0.0000000000000000e+00    0.0000000000000000e+00
   0.0000000000000000e+00    0.0000000000000000e+00    0.0000000000000000e+00
   0.0000000000000000e+00    0.0000000000000000e+00    0.0000000000000000e+00
   0.0000000000000000e+00    0.0000000000000000e+00    0.0000000000000000e+00
   0.0000000000000000e+00    0.0000000000000000e+00    0.0000000000000000e+00
   0.0000000000000000e+00    0.0000000000000000e+00    0.0000000000000000e+00
   0.0000000000000000e+00    0.0000000000000000e+00    0.0000000000000000e+00
   0.0000000000000000e+00   -1.9634233991810946e-04    0.0000000000000000e+00
   0.0000000000000000e+00    1.9634233991810946e-04    0.0000000000000000e+00
   0.0000000000000000e+00    0.0000000000000000e+00    0.0000000000000000e+00
   0.0000000000000000e+00    0.0000000000000000e+00    0.0000000000000000e+00
   0.0000000000000000e+00    0.0000000000000000e+00    0.0000000000000000e+00
   0.0000000000000000e+00    0.0000000000000000e+00    0.0000000000000000e+00
   0.0000000000000000e+00    0.0000000000000000e+00    0.0000000000000000e+00
   0.0000000000000000e+00    0.0000000000000000e+00    0.0000000000000000e+00
   0.0000000000000000e+00    0.0000000000000000e+00    0.0000000000000000e+00
   0.0000000000000000e+00    0.0000000000000000e+00    0.0000000000000000e+00
   0.0000000000000000e+00    0.0000000000000000e+00    0.0000000000000000e+00
   0.0000000000000000e+00   -2.7388968413794566e-04    0.0000000000000000e+00
   0.0000000000000000e+00    0.0000000000000000e+00    0.0000000000000000e+00
  -2.4638409723146267e-04    2.7388968413794566e-04    0.0000000000000000e+00
   0.0000000000000000e+00    0.0000000000000000e+00    0.0000000000000000e+00
   2.4638409723146267e-04    0.0000000000000000e+00    0.0000000000000000e+00
   0.0000000000000000e+00    0.0000000000000000e+00   -5.2073359250465049e-04
   0.0000000000000000e+00    0.0000000000000000e+00    0.0000000000000000e+00
   0.0000000000000000e+00   -6.4558052507799376e-04    5.2073359250465049e-04
   0.0000000000000000e+00    0.0000000000000000e+00    0.0000000000000000e+00
   0.0000000000000000e+00    6.4558052507799376e-04    0.0000000000000000e+00
   0.0000000000000000e+00    0.0000000000000000e+00    0.0000000000000000e+00
  -1.6280494841036620e-04    0.0000000000000000e+00    0.0000000000000000e+00
   0.0000000000000000e+00    0.0000000000000000e+00    1.5918246736823326e-04
   1.6280494841036620e-04    0.0000000000000000e+00    0.0000000000000000e+00
   0.0000000000000000e+00    0.0000000000000000e+00   -1.5918246736823326e-04
   0.0000000000000000e+00    0.0000000000000000e+00    0.0000000000000000e+00
   0.0000000000000000e+00    0.0000000000000000e+00   -2.1420980677403657e-06
   0.0000000000000000e+00    0.0000000000000000e+00    1.9420024185036897e-04
   0.0000000000000000e+00    0.0000000000000000e+00   -1.9420024185036897e-04
   0.0000000000000000e+00    0.0000000000000000e+00    2.1420980677403657e-06
   0.0000000000000000e+00    0.0000000000000000e+00    0.0000000000000000e+00
   0.0000000000000000e+00    0.0000000000000000e+00    0.0000000000000000e+00
   0.0000000000000000e+00    0.0000000000000000e+00    0.0000000000000000e+00
   0.0000000000000000e+00    0.0000000000000000e+00    0.0000000000000000e+00
   0.0000000000000000e+00    0.0000000000000000e+00    0.0000000000000000e+00
   0.0000000000000000e+00    0.0000000000000000e+00    0.0000000000000000e+00
   0.0000000000000000e+00    0.0000000000000000e+00    0.0000000000000000e+00
   0.0000000000000000e+00    0.0000000000000000e+00    0.0000000000000000e+00
   0.0000000000000000e+00    0.0000000000000000e+00    0.0000000000000000e+00
   0.0000000000000000e+00    0.0000000000000000e+00    0.0000000000000000e+00
   0.0000000000000000e+00    0.0000000000000000e+00    0.0000000000000000e+00
   0.0000000000000000e+00    0.0000000000000000e+00    0.0000000000000000e+00
   0.0000000000000000e+00    0.0000000000000000e+00    0.0000000000000000e+00
   0.0000000000000000e+00    0.0000000000000000e+00    0.0000000000000000e+00
   0.0000000000000000e+00    0.0000000000000000e+00    0.0000000000000000e+00
   0.0000000000000000e+00    0.0000000000000000e+00    0.0000000000000000e+00
   0.0000000000000000e+00    0.0000000000000000e+00    0.0000000000000000e+00
   0.0000000000000000e+00    0.0000000000000000e+00    0.0000000000000000e+00
   0.0000000000000000e+00    0.0000000000000000e+00    0.0000000000000000e+00
   0.0000000000000000e+00    0.0000000000000000e+00    0.0000000000000000e+00
   0.0000000000000000e+00    0.0000000000000000e+00    0.0000000000000000e+00
   0.0000000000000000e+00    0.0000000000000000e+00    0.0000000000000000e+00
   0.0000000000000000e+00    0.0000000000000000e+00    2.0819194486305127e-03
   0.0000000000000000e+00    0.0000000000000000e+00   -2.0819194486305127e-03
   0.0000000000000000e+00    0.0000000000000000e+00    0.0000000000000000e+00
   0.0000000000000000e+00    0.0000000000000000e+00    0.0000000000000000e+00
   0.0000000000000000e+00    0.0000000000000000e+00    0.0000000000000000e+00
   0.0000000000000000e+00    0.0000000000000000e+00    0.0000000000000000e+00
   0.0000000000000000e+00    0.0000000000000000e+00    0.0000000000000000e+00
   0.0000000000000000e+00    0.0000000000000000e+00    0.0000000000000000e+00
   0.0000000000000000e+00    0.0000000000000000e+00    0.0000000000000000e+00
   0.0000000000000000e+00    0.0000000000000000e+00    0.0000000000000000e+00
   0.0000000000000000e+00    0.0000000000000000e+00    0.0000000000000000e+00
   0.0000000000000000e+00    0.0000000000000000e+00   -5.2073359250465049e-04
   0.0000000000000000e+00    0.0000000000000000e+00    0.0000000000000000e+00
   0.0000000000000000e+00   -6.4558052507799376e-04    5.2073359250465049e-04
   0.0000000000000000e+00    0.0000000000000000e+00    0.0000000000000000e+00
   0.0000000000000000e+00    6.4558052507799376e-04    0.0000000000000000e+00
   0.0000000000000000e+00    0.0000000000000000e+00    0.0000000000000000e+00
  -2.5496341965965268e-02    0.0000000000000000e+00    0.0000000000000000e+00
   0.0000000000000000e+00    0.0000000000000000e+00   -2.1109341083321083e-02
   2.5496341965965268e-02    0.0000000000000000e+00    0.0000000000000000e+00
   0.0000000000000000e+00    0.0000000000000000e+00    2.1109341083321083e-02
   0.0000000000000000e+00    0.0000000000000000e+00    0.0000000000000000e+00
   0.0000000000000000e+00   -3.7545800585938219e-02    0.0000000000000000e+00
   0.0000000000000000e+00    0.0000000000000000e+00    0.0000000000000000e+00
   2.2155704320894112e-03    3.7545800585938219e-02    0.0000000000000000e+00
   0.0000000000000000e+00    0.0000000000000000e+00    0.0000000000000000e+00
  -2.2155704320894112e-03    0.0000000000000000e+00    0.0000000000000000e+00
   0.0000000000000000e+00    0.0000000000000000e+00    0.0000000000000000e+00
   2.2135935585470529e-02    0.0000000000000000e+00    0.0000000000000000e+00
   2.0054016136840009e-02    0.0000000000000000e+00    0.0000000000000000e+00
  -2.0054016136840009e-02    0.0000000000000000e+00    0.0000000000000000e+00
  -2.2135935585470529e-02    0.0000000000000000e+00    0.0000000000000000e+00
   0.0000000000000000e+00    0.0000000000000000e+00    0.0000000000000000e+00
   0.0000000000000000e+00    0.0000000000000000e+00    0.0000000000000000e+00
   0.0000000000000000e+00    0.0000000000000000e+00    0.0000000000000000e+00
   0.0000000000000000e+00    0.0000000000000000e+00    0.0000000000000000e+00
   0.0000000000000000e+00    0.0000000000000000e+00    0.0000000000000000e+00
   0.0000000000000000e+00    0.0000000000000000e+00    0.0000000000000000e+00
   0.0000000000000000e+00    0.0000000000000000e+00    0.0000000000000000e+00
   0.0000000000000000e+00    0.0000000000000000e+00    0.0000000000000000e+00
   0.0000000000000000e+00    0.0000000000000000e+00    0.0000000000000000e+00
   0.0000000000000000e+00    0.0000000000000000e+00    0.0000000000000000e+00
   0.0000000000000000e+00    0.0000000000000000e+00    0.0000000000000000e+00
   0.0000000000000000e+00    0.0000000000000000e+00    0.0000000000000000e+00
   0.0000000000000000e+00    0.0000000000000000e+00    0.0000000000000000e+00
   0.0000000000000000e+00    0.0000000000000000e+00    0.0000000000000000e+00
   0.0000000000000000e+00    0.0000000000000000e+00    0.0000000000000000e+00
   0.0000000000000000e+00    0.0000000000000000e+00    0.0000000000000000e+00
   0.0000000000000000e+00    0.0000000000000000e+00    0.0000000000000000e+00
   0.0000000000000000e+00    0.0000000000000000e+00    0.0000000000000000e+00
   0.0000000000000000e+00    0.0000000000000000e+00    0.0000000000000000e+00
   0.0000000000000000e+00    0.0000000000000000e+00    0.0000000000000000e+00
   0.0000000000000000e+00    0.0000000000000000e+00    0.0000000000000000e+00
   0.0000000000000000e+00    0.0000000000000000e+00    0.0000000000000000e+00
   3.8480661120134812e-03    0.0000000000000000e+00    0.0000000000000000e+00
  -3.8480661120134812e-03    0.0000000000000000e+00    0.0000000000000000e+00
   0.0000000000000000e+00    0.0000000000000000e+00    0.0000000000000000e+00
   0.0000000000000000e+00    0.0000000000000000e+00    0.0000000000000000e+00
   0.0000000000000000e+00    0.0000000000000000e+00    0.0000000000000000e+00
   0.0000000000000000e+00    0.0000000000000000e+00    0.0000000000000000e+00
   0.0000000000000000e+00    0.0000000000000000e+00    0.0000000000000000e+00
   0.0000000000000000e+00    0.0000000000000000e+00    0.0000000000000000e+00
   0.0000000000000000e+00    0.0000000000000000e+00    0.0000000000000000e+00
   0.0000000000000000e+00    0.0000000000000000e+00    0.0000000000000000e+00
   0.0000000000000000e+00    0.0000000000000000e+00    0.0000000000000000e+00
  -1.6280494841036620e-04    0.0000000000000000e+00    0.0000000000000000e+00
   0.0000000000000000e+00    0.0000000000000000e+00    1.5918246736823326e-04
   1.6280494841036620e-04    0.0000000000000000e+00    0.0000000000000000e+00
   0.0000000000000000e+00    0.0000000000000000e+00   -1.5918246736823326e-04
   0.0000000000000000e+00    0.0000000000000000e+00    0.0000000000000000e+00
   0.0000000000000000e+00   -3.7545800585938219e-02    0.0000000000000000e+00
   0.0000000000000000e+00    0.0000000000000000e+00    0.0000000000000000e+00
   2.2155704320894112e-03    3.7545800585938219e-02    0.0000000000000000e+00
   0.0000000000000000e+00    0.0000000000000000e+00    0.0000000000000000e+00
  -2.2155704320894112e-03    0.0000000000000000e+00    0.0000000000000000e+00
   0.0000000000000000e+00    0.0000000000000000e+00   -2.2762199217141790e-01
   0.0000000000000000e+00    0.0000000000000000e+00    0.0000000000000000e+00
   0.0000000000000000e+00   -1.0861561676214776e-01    2.2762199217141790e-01
   0.0000000000000000e+00    0.0000000000000000e+00    0.0000000000000000e+00
   0.0000000000000000e+00    1.0861561676214776e-01    0.0000000000000000e+00
   0.0000000000000000e+00    0.0000000000000000e+00    0.0000000000000000e+00
   0.0000000000000000e+00    1.5720164454145502e-01    0.0000000000000000e+00
   0.0000000000000000e+00    1.5335357842944136e-01    0.0000000000000000e+00
   0.0000000000000000e+00   -1.5335357842944136e-01    0.0000000000000000e+00
   0.0000000000000000e+00   -1.5720164454145502e-01    0.0000000000000000e+00
   0.0000000000000000e+00    0.0000000000000000e+00    0.0000000000000000e+00
   0.0000000000000000e+00    0.0000000000000000e+00    0.0000000000000000e+00
   0.0000000000000000e+00    0.0000000000000000e+00    0.0000000000000000e+00
   0.0000000000000000e+00    0.0000000000000000e+00    0.0000000000000000e+00
   0.0000000000000000e+00    0.0000000000000000e+00    0.0000000000000000e+00
   0.0000000000000000e+00    0.0000000000000000e+00    0.0000000000000000e+00
   0.0000000000000000e+00    1.9634233991810946e-04    0.0000000000000000e+00
   0.0000000000000000e+00   -1.9634233991810946e-04    0.0000000000000000e+00
   0.0000000000000000e+00    0.0000000000000000e+00    0.0000000000000000e+00
   0.0000000000000000e+00    0.0000000000000000e+00    0.0000000000000000e+00
   0.0000000000000000e+00    0.0000000000000000e+00    0.0000000000000000e+00
   0.0000000000000000e+00    0.0000000000000000e+00   -2.0819194486305127e-03
   0.0000000000000000e+00    0.0000000000000000e+00    2.0819194486305127e-03
   0.0000000000000000e+00    0.0000000000000000e+00    0.0000000000000000e+00
   0.0000000000000000e+00    0.0000000000000000e+00    0.0000000000000000e+00
   0.0000000000000000e+00    0.0000000000000000e+00    0.0000000000000000e+00
   0.0000000000000000e+00    0.0000000000000000e+00    0.0000000000000000e+00
  -3.8480661120134812e-03    0.0000000000000000e+00    0.0000000000000000e+00
   3.8480661120134812e-03    0.0000000000000000e+00    0.0000000000000000e+00
   0.0000000000000000e+00    0.0000000000000000e+00    0.0000000000000000e+00
   0.0000000000000000e+00    0.0000000000000000e+00    0.0000000000000000e+00
   0.0000000000000000e+00    0.0000000000000000e+00    0.0000000000000000e+00
   0.0000000000000000e+00    0.0000000000000000e+00    0.0000000000000000e+00
   0.0000000000000000e+00    0.0000000000000000e+00    0.0000000000000000e+00
   0.0000000000000000e+00    0.0000000000000000e+00    0.0000000000000000e+00
   0.0000000000000000e+00    0.0000000000000000e+00    0.0000000000000000e+00
   0.0000000000000000e+00    0.0000000000000000e+00    0.0000000000000000e+00
   0.0000000000000000e+00    0.0000000000000000e+00    0.0000000000000000e+00
   0.0000000000000000e+00    0.0000000000000000e+00    0.0000000000000000e+00
   0.0000000000000000e+00    0.0000000000000000e+00    0.0000000000000000e+00
   0.0000000000000000e+00    0.0000000000000000e+00    0.0000000000000000e+00
   0.0000000000000000e+00    0.0000000000000000e+00    0.0000000000000000e+00
   0.0000000000000000e+00    0.0000000000000000e+00    0.0000000000000000e+00
   0.0000000000000000e+00    0.0000000000000000e+00    1.9420024185036897e-04
   0.0000000000000000e+00    0.0000000000000000e+00   -2.1420980677403657e-06
   0.0000000000000000e+00    0.0000000000000000e+00    2.1420980677403657e-06
   0.0000000000000000e+00    0.0000000000000000e+00   -1.9420024185036897e-04
   0.0000000000000000e+00    0.0000000000000000e+00    0.0000000000000000e+00
   0.0000000000000000e+00    0.0000000000000000e+00    0.0000000000000000e+00
   2.0054016136840009e-02    0.0000000000000000e+00    0.0000000000000000e+00
   2.2135935585470529e-02    0.0000000000000000e+00    0.0000000000000000e+00
  -2.2135935585470529e-02    0.0000000000000000e+00    0.0000000000000000e+00
  -2.0054016136840009e-02    0.0000000000000000e+00    0.0000000000000000e+00
   0.0000000000000000e+00    0.0000000000000000e+00    0.0000000000000000e+00
   0.0000000000000000e+00    1.5335357842944136e-01    0.0000000000000000e+00
   0.0000000000000000e+00    1.5720164454145502e-01    0.0000000000000000e+00
   0.0000000000000000e+00   -1.5720164454145502e-01    0.0000000000000000e+00
   0.0000000000000000e+00   -1.5335357842944136e-01    0.0000000000000000e+00
   0.0000000000000000e+00    0.0000000000000000e+00    0.0000000000000000e+00
   0.0000000000000000e+00   -1.0889433081073141e-01    0.0000000000000000e+00
   0.0000000000000000e+00    0.0000000000000000e+00    0.0000000000000000e+00
  -2.0041196087014818e-01    1.0889433081073141e-01    0.0000000000000000e+00
   0.0000000000000000e+00    0.0000000000000000e+00    0.0000000000000000e+00
   2.0041196087014818e-01    0.0000000000000000e+00    0.0000000000000000e+00
   0.0000000000000000e+00    0.0000000000000000e+00    0.0000000000000000e+00
   0.0000000000000000e+00    0.0000000000000000e+00    0.0000000000000000e+00
   0.0000000000000000e+00    0.0000000000000000e+00    0.0000000000000000e+00
   0.0000000000000000e+00    0.0000000000000000e+00    0.0000000000000000e+00
   0.0000000000000000e+00    0.0000000000000000e+00    0.0000000000000000e+00
   0.0000000000000000e+00    0.0000000000000000e+00    0.0000000000000000e+00
   0.0000000000000000e+00    0.0000000000000000e+00    0.0000000000000000e+00
   0.0000000000000000e+00    0.0000000000000000e+00    0.0000000000000000e+00
   0.0000000000000000e+00    0.0000000000000000e+00    0.0000000000000000e+00
   0.0000000000000000e+00    0.0000000000000000e+00    0.0000000000000000e+00
   0.0000000000000000e+00    0.0000000000000000e+00    0.0000000000000000e+00
   0.0000000000000000e+00    0.0000000000000000e+00    0.0000000000000000e+00
   0.0000000000000000e+00    0.0000000000000000e+00    0.0000000000000000e+00
   0.0000000000000000e+00    0.0000000000000000e+00    0.0000000000000000e+00
   0.0000000000000000e+00    0.0000000000000000e+00    0.0000000000000000e+00
   0.0000000000000000e+00    0.0000000000000000e+00    0.0000000000000000e+00
   0.0000000000000000e+00    0.0000000000000000e+00    0.0000000000000000e+00
   0.0000000000000000e+00    0.0000000000000000e+00    0.0000000000000000e+00
   0.0000000000000000e+00    0.0000000000000000e+00    0.0000000000000000e+00
   0.0000000000000000e+00    0.0000000000000000e+00    0.0000000000000000e+00
   0.0000000000000000e+00    0.0000000000000000e+00    0.0000000000000000e+00
   0.0000000000000000e+00    0.0000000000000000e+00    0.0000000000000000e+00
   0.0000000000000000e+00    0.0000000000000000e+00    0.0000000000000000e+00
   0.0000000000000000e+00    0.0000000000000000e+00    0.0000000000000000e+00
   0.0000000000000000e+00    0.0000000000000000e+00    0.0000000000000000e+00
   0.0000000000000000e+00    0.0000000000000000e+00    0.0000000000000000e+00
   0.0000000000000000e+00    0.0000000000000000e+00    0.0000000000000000e+00
   0.0000000000000000e+00    0.0000000000000000e+00    0.0000000000000000e+00
   0.0000000000000000e+00    0.0000000000000000e+00    0.0000000000000000e+00
   0.0000000000000000e+00    0.0000000000000000e+00    0.0000000000000000e+00
   0.0000000000000000e+00    0.0000000000000000e+00    0.0000000000000000e+00
   0.0000000000000000e+00    0.0000000000000000e+00    0.0000000000000000e+00
   0.0000000000000000e+00    0.0000000000000000e+00    0.0000000000000000e+00
   0.0000000000000000e+00    0.0000000000000000e+00    0.0000000000000000e+00
   0.0000000000000000e+00    0.0000000000000000e+00    0.0000000000000000e+00
   0.0000000000000000e+00    0.0000000000000000e+00    0.0000000000000000e+00
   0.0000000000000000e+00    0.0000000000000000e+00    0.0000000000000000e+00
   0.0000000000000000e+00    0.0000000000000000e+00    0.0000000000000000e+00
   0.0000000000000000e+00    0.0000000000000000e+00    0.0000000000000000e+00
   0.0000000000000000e+00    0.0000000000000000e+00    0.0000000000000000e+00
   0.0000000000000000e+00    0.0000000000000000e+00    0.0000000000000000e+00
   0.0000000000000000e+00    0.0000000000000000e+00    0.0000000000000000e+00
   0.0000000000000000e+00    0.0000000000000000e+00    0.0000000000000000e+00
   0.0000000000000000e+00    0.0000000000000000e+00    0.0000000000000000e+00
   0.0000000000000000e+00    0.0000000000000000e+00    0.0000000000000000e+00
   0.0000000000000000e+00    0.0000000000000000e+00    0.0000000000000000e+00
   0.0000000000000000e+00    0.0000000000000000e+00    0.0000000000000000e+00
   0.0000000000000000e+00    0.0000000000000000e+00    0.0000000000000000e+00
   0.0000000000000000e+00    0.0000000000000000e+00    0.0000000000000000e+00
   0.0000000000000000e+00    0.0000000000000000e+00    0.0000000000000000e+00
   0.0000000000000000e+00    0.0000000000000000e+00    0.0000000000000000e+00
   0.0000000000000000e+00    0.0000000000000000e+00    0.0000000000000000e+00
   0.0000000000000000e+00    0.0000000000000000e+00    0.0000000000000000e+00
   0.0000000000000000e+00    0.0000000000000000e+00    0.0000000000000000e+00
  -2.2009216305518792e-02    0.0000000000000000e+00    0.0000000000000000e+00
   0.0000000000000000e+00    0.0000000000000000e+00   -1.5904716846425453e-02
   2.2009216305518792e-02    0.0000000000000000e+00    0.0000000000000000e+00
   0.0000000000000000e+00    0.0000000000000000e+00    1.5904716846425453e-02
   0.0000000000000000e+00    0.0000000000000000e+00    0.0000000000000000e+00
   0.0000000000000000e+00    2.7388968413794566e-04    0.0000000000000000e+00
   0.0000000000000000e+00    0.0000000000000000e+00    0.0000000000000000e+00
   2.4638409723146267e-04   -2.7388968413794566e-04    0.0000000000000000e+00
   0.0000000000000000e+00    0.0000000000000000e+00    0.0000000000000000e+00
  -2.4638409723146267e-04    0.0000000000000000e+00    0.0000000000000000e+00
   0.0000000000000000e+00    0.0000000000000000e+00    5.2073359250465049e-04
   0.0000000000000000e+00    0.0000000000000000e+00    0.0000000000000000e+00
   0.0000000000000000e+00    6.4558052507799376e-04   -5.2073359250465049e-04
   0.0000000000000000e+00    0.0000000000000000e+00    0.0000000000000000e+00
   0.0000000000000000e+00   -6.4558052507799376e-04    0.0000000000000000e+00
   0.0000000000000000e+00    0.0000000000000000e+00    0.0000000000000000e+00
   1.6280494841036620e-04    0.0000000000000000e+00    0.0000000000000000e+00
   0.0000000000000000e+00    0.0000000000000000e+00   -1.5918246736823326e-04
  -1.6280494841036620e-04    0.0000000000000000e+00    0.0000000000000000e+00
   0.0000000000000000e+00    0.0000000000000000e+00    1.5918246736823326e-04
   0.0000000000000000e+00    0.0000000000000000e+00    0.0000000000000000e+00
   0.0000000000000000e+00    0.0000000000000000e+00   -1.9420024185036897e-04
   0.0000000000000000e+00    0.0000000000000000e+00    2.1420980677403657e-06
   0.0000000000000000e+00    0.0000000000000000e+00   -2.1420980677403657e-06
   0.0000000000000000e+00    0.0000000000000000e+00    1.9420024185036897e-04
   0.0000000000000000e+00    0.0000000000000000e+00    0.0000000000000000e+00
   0.0000000000000000e+00    0.0000000000000000e+00    0.0000000000000000e+00
   0.0000000000000000e+00    0.0000000000000000e+00    0.0000000000000000e+00
   0.0000000000000000e+00    0.0000000000000000e+00    0.0000000000000000e+00
   0.0000000000000000e+00    0.0000000000000000e+00    0.0000000000000000e+00
   0.0000000000000000e+00    0.0000000000000000e+00    0.0000000000000000e+00
   0.0000000000000000e+00    0.0000000000000000e+00    0.0000000000000000e+00
   0.0000000000000000e+00    0.0000000000000000e+00    0.0000000000000000e+00
   0.0000000000000000e+00    0.0000000000000000e+00    0.0000000000000000e+00
   0.0000000000000000e+00    0.0000000000000000e+00    0.0000000000000000e+00
   0.0000000000000000e+00    0.0000000000000000e+00    0.0000000000000000e+00
   0.0000000000000000e+00    0.0000000000000000e+00    0.0000000000000000e+00
   0.0000000000000000e+00    0.0000000000000000e+00    0.0000000000000000e+00
   0.0000000000000000e+00    0.0000000000000000e+00    0.0000000000000000e+00
   0.0000000000000000e+00    0.0000000000000000e+00    0.0000000000000000e+00
   0.0000000000000000e+00    0.0000000000000000e+00    0.0000000000000000e+00
   0.0000000000000000e+00    0.0000000000000000e+00    0.0000000000000000e+00
   0.0000000000000000e+00    0.0000000000000000e+00    0.0000000000000000e+00
   0.0000000000000000e+00    0.0000000000000000e+00    0.0000000000000000e+00
   0.0000000000000000e+00    0.0000000000000000e+00    0.0000000000000000e+00
   0.0000000000000000e+00    0.0000000000000000e+00    0.0000000000000000e+00
   0.0000000000000000e+00    0.0000000000000000e+00    0.0000000000000000e+00
   0.0000000000000000e+00    0.0000000000000000e+00    0.0000000000000000e+00
   0.0000000000000000e+00    0.0000000000000000e+00    0.0000000000000000e+00
   0.0000000000000000e+00    0.0000000000000000e+00    0.0000000000000000e+00
   0.0000000000000000e+00    0.0000000000000000e+00    0.0000000000000000e+00
  -1.9634233991810946e-04    0.0000000000000000e+00    0.0000000000000000e+00
   1.9634233991810946e-04    0.0000000000000000e+00    0.0000000000000000e+00
   0.0000000000000000e+00    0.0000000000000000e+00    0.0000000000000000e+00
   0.0000000000000000e+00    0.0000000000000000e+00    0.0000000000000000e+00
   0.0000000000000000e+00    0.0000000000000000e+00    0.0000000000000000e+00
   0.0000000000000000e+00    0.0000000000000000e+00    0.0000000000000000e+00
   0.0000000000000000e+00    0.0000000000000000e+00    0.0000000000000000e+00
   0.0000000000000000e+00    0.0000000000000000e+00    5.2073359250465049e-04
   0.0000000000000000e+00    0.0000000000000000e+00    0.0000000000000000e+00
   0.0000000000000000e+00    6.4558052507799376e-04   -5.2073359250465049e-04
   0.0000000000000000e+00    0.0000000000000000e+00    0.0000000000000000e+00
   0.0000000000000000e+00   -6.4558052507799376e-04    0.0000000000000000e+00
   0.0000000000000000e+00    0.0000000000000000e+00    0.0000000000000000e+00
   2.5496341965965268e-02    0.0000000000000000e+00    0.0000000000000000e+00
   0.0000000000000000e+00    0.0000000000000000e+00    2.1109341083321083e-02
  -2.5496341965965268e-02    0.0000000000000000e+00    0.0000000000000000e+00
   0.0000000000000000e+00    0.0000000000000000e+00   -2.1109341083321083e-02
   0.0000000000000000e+00    0.0000000000000000e+00    0.0000000000000000e+00
   0.0000000000000000e+00    3.7545800585938219e-02    0.0000000000000000e+00
   0.0000000000000000e+00    0.0000000000000000e+00    0.0000000000000000e+00
  -2.2155704320894112e-03   -3.7545800585938219e-02    0.0000000000000000e+00
   0.0000000000000000e+00    0.0000000000000000e+00    0.0000000000000000e+00
   2.2155704320894112e-03    0.0000000000000000e+00    0.0000000000000000e+00
   0.0000000000000000e+00    0.0000000000000000e+00    0.0000000000000000e+00
  -2.0054016136840009e-02    0.0000000000000000e+00    0.0000000000000000e+00
  -2.2135935585470529e-02    0.0000000000000000e+00    0.0000000000000000e+00
   2.2135935585470529e-02    0.0000000000000000e+00    0.0000000000000000e+00
   2.0054016136840009e-02    0.0000000000000000e+00    0.0000000000000000e+00
   0.0000000000000000e+00    0.0000000000000000e+00    0.0000000000000000e+00
   0.0000000000000000e+00    0.0000000000000000e+00    0.0000000000000000e+00
   0.0000000000000000e+00    0.0000000000000000e+00    0.0000000000000000e+00
   0.0000000000000000e+00    0.0000000000000000e+00    0.0000000000000000e+00
   0.0000000000000000e+00    0.0000000000000000e+00    0.0000000000000000e+00
   0.0000000000000000e+00    0.0000000000000000e+00    0.0000000000000000e+00
   0.0000000000000000e+00    0.0000000000000000e+00    0.0000000000000000e+00
   0.0000000000000000e+00    0.0000000000000000e+00    0.0000000000000000e+00
   0.0000000000000000e+00    0.0000000000000000e+00    0.0000000000000000e+00
   0.0000000000000000e+00    0.0000000000000000e+00    0.0000000000000000e+00
   0.0000000000000000e+00    0.0000000000000000e+00    0.0000000000000000e+00
   0.0000000000000000e+00    0.0000000000000000e+00    0.0000000000000000e+00
   0.0000000000000000e+00    0.0000000000000000e+00    0.0000000000000000e+00
   0.0000000000000000e+00    0.0000000000000000e+00    0.0000000000000000e+00
   0.0000000000000000e+00    0.0000000000000000e+00    0.0000000000000000e+00
   0.0000000000000000e+00    0.0000000000000000e+00    0.0000000000000000e+00
   0.0000000000000000e+00    0.0000000000000000e+00    0.0000000000000000e+00
   0.0000000000000000e+00    0.0000000000000000e+00    0.0000000000000000e+00
   0.0000000000000000e+00    0.0000000000000000e+00    0.0000000000000000e+00
   0.0000000000000000e+00    0.0000000000000000e+00    0.0000000000000000e+00
   0.0000000000000000e+00    0.0000000000000000e+00    0.0000000000000000e+00
   0.0000000000000000e+00    0.0000000000000000e+00    0.0000000000000000e+00
   0.0000000000000000e+00    0.0000000000000000e+00    0.0000000000000000e+00
   0.0000000000000000e+00    0.0000000000000000e+00    0.0000000000000000e+00
   0.0000000000000000e+00    0.0000000000000000e+00    0.0000000000000000e+00
   0.0000000000000000e+00    2.0819194486305127e-03    0.0000000000000000e+00
   0.0000000000000000e+00   -2.0819194486305127e-03    0.0000000000000000e+00
   0.0000000000000000e+00    0.0000000000000000e+00    0.0000000000000000e+00
   0.0000000000000000e+00    0.0000000000000000e+00    0.0000000000000000e+00
   0.0000000000000000e+00    0.0000000000000000e+00    0.0000000000000000e+00
   0.0000000000000000e+00    0.0000000000000000e+00    0.0000000000000000e+00
   0.0000000000000000e+00    0.0000000000000000e+00    0.0000000000000000e+00
   0.0000000000000000e+00    0.0000000000000000e+00    0.0000000000000000e+00
   1.6280494841036620e-04    0.0000000000000000e+00    0.0000000000000000e+00
   0.0000000000000000e+00    0.0000000000000000e+00   -1.5918246736823326e-04
  -1.6280494841036620e-04    0.0000000000000000e+00    0.0000000000000000e+00
   0.0000000000000000e+00    0.0000000000000000e+00    1.5918246736823326e-04
   0.0000000000000000e+00    0.0000000000000000e+00    0.0000000000000000e+00
   0.0000000000000000e+00    3.7545800585938219e-02    0.0000000000000000e+00
   0.0000000000000000e+00    0.0000000000000000e+00    0.0000000000000000e+00
  -2.2155704320894112e-03   -3.7545800585938219e-02    0.0000000000000000e+00
   0.0000000000000000e+00    0.0000000000000000e+00    0.0000000000000000e+00
   2.2155704320894112e-03    0.0000000000000000e+00    0.0000000000000000e+00
   0.0000000000000000e+00    0.0000000000000000e+00    2.2762199217141790e-01
   0.0000000000000000e+00    0.0000000000000000e+00    0.0000000000000000e+00
   0.0000000000000000e+00    1.0861561676214776e-01   -2.2762199217141790e-01
   0.0000000000000000e+00    0.0000000000000000e+00    0.0000000000000000e+00
   0.0000000000000000e+00   -1.0861561676214776e-01    0.0000000000000000e+00
   0.0000000000000000e+00    0.0000000000000000e+00    0.0000000000000000e+00
   0.0000000000000000e+00   -1.5335357842944136e-01    0.0000000000000000e+00
   0.0000000000000000e+00   -1.5720164454145502e-01    0.0000000000000000e+00
   0.0000000000000000e+00    1.5720164454145502e-01    0.0000000000000000e+00
   0.0000000000000000e+00    1.5335357842944136e-01    0.0000000000000000e+00
   0.0000000000000000e+00    0.0000000000000000e+00    0.0000000000000000e+00
   0.0000000000000000e+00    0.0000000000000000e+00    0.0000000000000000e+00
   0.0000000000000000e+00    0.0000000000000000e+00    0.0000000000000000e+00
   0.0000000000000000e+00    0.0000000000000000e+00    0.0000000000000000e+00
   0.0000000000000000e+00    0.0000000000000000e+00    0.0000000000000000e+00
   0.0000000000000000e+00    0.0000000000000000e+00    0.0000000000000000e+00
   0.0000000000000000e+00    0.0000000000000000e+00    0.0000000000000000e+00
   0.0000000000000000e+00    0.0000000000000000e+00    0.0000000000000000e+00
   0.0000000000000000e+00    0.0000000000000000e+00    0.0000000000000000e+00
   0.0000000000000000e+00    0.0000000000000000e+00    0.0000000000000000e+00
   0.0000000000000000e+00    0.0000000000000000e+00    0.0000000000000000e+00
   0.0000000000000000e+00    0.0000000000000000e+00    0.0000000000000000e+00
   0.0000000000000000e+00    0.0000000000000000e+00    0.0000000000000000e+00
   0.0000000000000000e+00    0.0000000000000000e+00    0.0000000000000000e+00
   0.0000000000000000e+00    0.0000000000000000e+00    0.0000000000000000e+00
   0.0000000000000000e+00    0.0000000000000000e+00    0.0000000000000000e+00
   0.0000000000000000e+00    0.0000000000000000e+00    0.0000000000000000e+00
   0.0000000000000000e+00    0.0000000000000000e+00    0.0000000000000000e+00
   0.0000000000000000e+00    0.0000000000000000e+00    0.0000000000000000e+00
   0.0000000000000000e+00    0.0000000000000000e+00    0.0000000000000000e+00
   0.0000000000000000e+00    0.0000000000000000e+00    0.0000000000000000e+00
   0.0000000000000000e+00    0.0000000000000000e+00    0.0000000000000000e+00
   0.0000000000000000e+00    0.0000000000000000e+00    0.0000000000000000e+00
   0.0000000000000000e+00    0.0000000000000000e+00    0.0000000000000000e+00
   0.0000000000000000e+00    0.0000000000000000e+00    0.0000000000000000e+00
   0.0000000000000000e+00    0.0000000000000000e+00    3.8480661120134812e-03
   0.0000000000000000e+00    0.0000000000000000e+00   -3.8480661120134812e-03
   0.0000000000000000e+00    0.0000000000000000e+00    0.0000000000000000e+00
   0.0000000000000000e+00    0.0000000000000000e+00    0.0000000000000000e+00
   0.0000000000000000e+00    0.0000000000000000e+00    0.0000000000000000e+00
   0.0000000000000000e+00    0.0000000000000000e+00    0.0000000000000000e+00
   0.0000000000000000e+00    0.0000000000000000e+00    0.0000000000000000e+00
   0.0000000000000000e+00    0.0000000000000000e+00    0.0000000000000000e+00
   0.0000000000000000e+00    0.0000000000000000e+00    2.1420980677403657e-06
   0.0000000000000000e+00    0.0000000000000000e+00   -1.9420024185036897e-04
   0.0000000000000000e+00    0.0000000000000000e+00    1.9420024185036897e-04
   0.0000000000000000e+00    0.0000000000000000e+00   -2.1420980677403657e-06
   0.0000000000000000e+00    0.0000000000000000e+00    0.0000000000000000e+00
   0.0000000000000000e+00    0.0000000000000000e+00    0.0000000000000000e+00
  -2.2135935585470529e-02    0.0000000000000000e+00    0.0000000000000000e+00
  -2.0054016136840009e-02    0.0000000000000000e+00    0.0000000000000000e+00
   2.0054016136840009e-02    0.0000000000000000e+00    0.0000000000000000e+00
   2.2135935585470529e-02    0.0000000000000000e+00    0.0000000000000000e+00
   0.0000000000000000e+00    0.0000000000000000e+00    0.0000000000000000e+00
   0.0000000000000000e+00   -1.5720164454145502e-01    0.0000000000000000e+00
   0.0000000000000000e+00   -1.5335357842944136e-01    0.0000000000000000e+00
   0.0000000000000000e+00    1.5335357842944136e-01    0.0000000000000000e+00
   0.0000000000000000e+00    1.5720164454145502e-01    0.0000000000000000e+00
   0.0000000000000000e+00    0.0000000000000000e+00    0.0000000000000000e+00
   0.0000000000000000e+00    1.0889433081073141e-01    0.0000000000000000e+00
   0.0000000000000000e+00    0.0000000000000000e+00    0.0000000000000000e+00
   2.0041196087014818e-01   -1.0889433081073141e-01    0.0000000000000000e+00
   0.0000000000000000e+00    0.0000000000000000e+00    0.0000000000000000e+00
  -2.0041196087014818e-01    0.0000000000000000e+00    0.0000000000000000e+00
   0.0000000000000000e+00    0.0000000000000000e+00    0.0000000000000000e+00
   0.0000000000000000e+00    0.0000000000000000e+00    0.0000000000000000e+00
   0.0000000000000000e+00    0.0000000000000000e+00    0.0000000000000000e+00
   0.0000000000000000e+00    0.0000000000000000e+00    0.0000000000000000e+00
   0.0000000000000000e+00    0.0000000000000000e+00    0.0000000000000000e+00
   0.0000000000000000e+00    0.0000000000000000e+00    0.0000000000000000e+00
   0.0000000000000000e+00    0.0000000000000000e+00    0.0000000000000000e+00
   0.0000000000000000e+00    0.0000000000000000e+00    0.0000000000000000e+00
   0.0000000000000000e+00    0.0000000000000000e+00    0.0000000000000000e+00
   1.9634233991810946e-04    0.0000000000000000e+00    0.0000000000000000e+00
  -1.9634233991810946e-04    0.0000000000000000e+00    0.0000000000000000e+00
   0.0000000000000000e+00    0.0000000000000000e+00    0.0000000000000000e+00
   0.0000000000000000e+00    0.0000000000000000e+00    0.0000000000000000e+00
   0.0000000000000000e+00    0.0000000000000000e+00    0.0000000000000000e+00
   0.0000000000000000e+00   -2.0819194486305127e-03    0.0000000000000000e+00
   0.0000000000000000e+00    2.0819194486305127e-03    0.0000000000000000e+00
   0.0000000000000000e+00    0.0000000000000000e+00    0.0000000000000000e+00
   0.0000000000000000e+00    0.0000000000000000e+00    0.0000000000000000e+00
   0.0000000000000000e+00    0.0000000000000000e+00    0.0000000000000000e+00
   0.0000000000000000e+00    0.0000000000000000e+00   -3.8480661120134812e-03
   0.0000000000000000e+00    0.0000000000000000e+00    3.8480661120134812e-03
   0.0000000000000000e+00    0.0000000000000000e+00    0.0000000000000000e+00
   0.0000000000000000e+00    0.0000000000000000e+00    0.0000000000000000e+00
   0.0000000000000000e+00    0.0000000000000000e+00    0.0000000000000000e+00
   0.0000000000000000e+00    0.0000000000000000e+00    0.0000000000000000e+00
   0.0000000000000000e+00    0.0000000000000000e+00    0.0000000000000000e+00
   0.0000000000000000e+00    0.0000000000000000e+00    0.0000000000000000e+00
   0.0000000000000000e+00    0.0000000000000000e+00    0.0000000000000000e+00
   0.0000000000000000e+00    0.0000000000000000e+00    0.0000000000000000e+00
   0.0000000000000000e+00    0.0000000000000000e+00    0.0000000000000000e+00
   0.0000000000000000e+00    0.0000000000000000e+00    0.0000000000000000e+00
   0.0000000000000000e+00    0.0000000000000000e+00    0.0000000000000000e+00
   0.0000000000000000e+00    0.0000000000000000e+00    0.0000000000000000e+00
   0.0000000000000000e+00    0.0000000000000000e+00    0.0000000000000000e+00
   0.0000000000000000e+00    0.0000000000000000e+00    0.0000000000000000e+00
   0.0000000000000000e+00    0.0000000000000000e+00    0.0000000000000000e+00
   0.0000000000000000e+00    0.0000000000000000e+00    0.0000000000000000e+00
   0.0000000000000000e+00    0.0000000000000000e+00    0.0000000000000000e+00
   0.0000000000000000e+00    0.0000000000000000e+00    0.0000000000000000e+00
   0.0000000000000000e+00    0.0000000000000000e+00    0.0000000000000000e+00
   0.0000000000000000e+00    0.0000000000000000e+00    0.0000000000000000e+00
   0.0000000000000000e+00    0.0000000000000000e+00    0.0000000000000000e+00
   0.0000000000000000e+00    0.0000000000000000e+00    0.0000000000000000e+00
   0.0000000000000000e+00    0.0000000000000000e+00    0.0000000000000000e+00
   0.0000000000000000e+00    0.0000000000000000e+00    0.0000000000000000e+00
   0.0000000000000000e+00    0.0000000000000000e+00    0.0000000000000000e+00
   0.0000000000000000e+00    0.0000000000000000e+00    0.0000000000000000e+00
   0.0000000000000000e+00    0.0000000000000000e+00    0.0000000000000000e+00
   0.0000000000000000e+00    0.0000000000000000e+00    0.0000000000000000e+00
   0.0000000000000000e+00    0.0000000000000000e+00    0.0000000000000000e+00
   0.0000000000000000e+00    0.0000000000000000e+00    0.0000000000000000e+00
   0.0000000000000000e+00    0.0000000000000000e+00    0.0000000000000000e+00
   0.0000000000000000e+00    0.0000000000000000e+00    0.0000000000000000e+00
   0.0000000000000000e+00    0.0000000000000000e+00    0.0000000000000000e+00
   2.2009216305518792e-02    0.0000000000000000e+00    0.0000000000000000e+00
   0.0000000000000000e+00    0.0000000000000000e+00    1.5904716846425453e-02
  -2.2009216305518792e-02    0.0000000000000000e+00    0.0000000000000000e+00
   0.0000000000000000e+00    0.0000000000000000e+00   -1.5904716846425453e-02
   0.0000000000000000e+00    0.0000000000000000e+00    0.0000000000000000e+00
   0.0000000000000000e+00    0.0000000000000000e+00    0.0000000000000000e+00
   0.0000000000000000e+00    0.0000000000000000e+00    0.0000000000000000e+00
   0.0000000000000000e+00    0.0000000000000000e+00    0.0000000000000000e+00
   0.0000000000000000e+00    0.0000000000000000e+00    0.0000000000000000e+00
   0.0000000000000000e+00    0.0000000000000000e+00    0.0000000000000000e+00
   0.0000000000000000e+00    0.0000000000000000e+00    0.0000000000000000e+00
   0.0000000000000000e+00    0.0000000000000000e+00    0.0000000000000000e+00
   0.0000000000000000e+00    0.0000000000000000e+00    0.0000000000000000e+00
   0.0000000000000000e+00    0.0000000000000000e+00    0.0000000000000000e+00
   0.0000000000000000e+00    0.0000000000000000e+00    0.0000000000000000e+00
   0.0000000000000000e+00    0.0000000000000000e+00    0.0000000000000000e+00
   0.0000000000000000e+00    0.0000000000000000e+00    0.0000000000000000e+00
   0.0000000000000000e+00    0.0000000000000000e+00    0.0000000000000000e+00
   0.0000000000000000e+00    0.0000000000000000e+00    0.0000000000000000e+00
   0.0000000000000000e+00    0.0000000000000000e+00    0.0000000000000000e+00
   0.0000000000000000e+00    0.0000000000000000e+00    0.0000000000000000e+00
   0.0000000000000000e+00    0.0000000000000000e+00    0.0000000000000000e+00
   0.0000000000000000e+00    0.0000000000000000e+00    0.0000000000000000e+00
   0.0000000000000000e+00    0.0000000000000000e+00    0.0000000000000000e+00
   0.0000000000000000e+00    0.0000000000000000e+00    0.0000000000000000e+00
   0.0000000000000000e+00    0.0000000000000000e+00    0.0000000000000000e+00
   0.0000000000000000e+00    0.0000000000000000e+00    0.0000000000000000e+00
   0.0000000000000000e+00    0.0000000000000000e+00    0.0000000000000000e+00
   0.0000000000000000e+00    0.0000000000000000e+00    0.0000000000000000e+00
   0.0000000000000000e+00    0.0000000000000000e+00    0.0000000000000000e+00
   0.0000000000000000e+00    0.0000000000000000e+00    0.0000000000000000e+00
   0.0000000000000000e+00 
