T2 amplitudes:
4 8 8 4 4
   0.0000000000000000e+00    0.0000000000000000e+00    0.0000000000000000e+00
   0.0000000000000000e+00    0.0000000000000000e+00    0.0000000000000000e+00
   0.0000000000000000e+00    0.0000000000000000e+00    0.0000000000000000e+00
   0.0000000000000000e+00    0.0000000000000000e+00    0.0000000000000000e+00
   0.0000000000000000e+00    0.0000000000000000e+00    0.0000000000000000e+00
   0.0000000000000000e+00    0.0000000000000000e+00    0.0000000000000000e+00
   0.0000000000000000e+00    0.0000000000000000e+00    0.0000000000000000e+00
   0.0000000000000000e+00    0.0000000000000000e+00    0.0000000000000000e+00
   0.0000000000000000e+00    0.0000000000000000e+00    0.0000000000000000e+00
   0.0000000000000000e+00    0.0000000000000000e+00    0.0000000000000000e+00
   0.0000000000000000e+00    0.0000000000000000e+00    0.0000000000000000e+00
  -9.4883297826668794e-03    0.0000000000000000e+00    0.0000000000000000e+00
   9.4883297826668794e-03    0.0000000000000000e+00    0.0000000000000000e+00
   0.0000000000000000e+00    0.0000000000000000e+00    0.0000000000000000e+00
   0.0000000000000000e+00    0.0000000000000000e+00    0.0000000000000000e+00
   0.0000000000000000e+00    0.0000000000000000e+00    0.0000000000000000e+00
   0.0000000000000000e+00    0.0000000000000000e+00    0.0000000000000000e+00
   0.0000000000000000e+00    0.0000000000000000e+00    0.0000000000000000e+00
   0.0000000000000000e+00    0.0000000000000000e+00    0.0000000000000000e+00
   0.0000000000000000e+00    0.0000000000000000e+00    0.0000000000000000e+00
   0.0000000000000000e+00    0.0000000000000000e+00    0.0000000000000000e+00
   0.0000000000000000e+00    0.0000000000000000e+00    0.0000000000000000e+00
  -3.1821737578166316e-02    0.0000000000000000e+00    0.0000000000000000e+00
   0.0000000000000000e+00    0.0000000000000000e+00   -1.9227945487402007e-02
   3.1821737578166316e-02    0.0000000000000000e+00    0.0000000000000000e+00
   0.0000000000000000e+00    0.0000000000000000e+00    1.9227945487402007e-02
   0.0000000000000000e+00    0.0000000000000000e+00    0.0000000000000000e+00
   0.0000000000000000e+00   -3.8840804644738124e-02    0.0000000000000000e+00
   0.0000000000000000e+00    0.0000000000000000e+00    0.0000000000000000e+00
   3.4430057414936688e-03    3.8840804644738124e-02    0.0000000000000000e+00
   0.0000000000000000e+00    0.0000000000000000e+00    0.0000000000000000e+00
  -3.4430057414936688e-03    0.0000000000000000e+00    0.0000000000000000e+00
   0.0000000000000000e+00    0.0000000000000000e+00    0.0000000000000000e+00
  -3.1667920757196655e-02    0.0000000000000000e+00    0.0000000000000000e+00
  -2.2179590974529782e-02    0.0000000000000000e+00    0.0000000000000000e+00
   2.2179590974529782e-02    0.0000000000000000e+00    0.0000000000000000e+00
   3.1667920757196655e-02    0.0000000000000000e+00    0.0000000000000000e+00
   0.0000000000000000e+00    0.0000000000000000e+00    0.0000000000000000e+00
   0.0000000000000000e+00    0.0000000000000000e+00    0.0000000000000000e+00
   0.0000000000000000e+00    0.0000000000000000e+00    0.0000000000000000e+00
   0.0000000000000000e+00    0.0000000000000000e+00    0.0000000000000000e+00
   0.0000000000000000e+00    0.0000000000000000e+00    0.0000000000000000e+00
   0.0000000000000000e+00    0.0000000000000000e+00    0.0000000000000000e+00
   0.0000000000000000e+00    0.0000000000000000e+00    0.0000000000000000e+00
   0.0000000000000000e+00    0.0000000000000000e+00    0.0000000000000000e+00
   0.0000000000000000e+00    0.0000000000000000e+00    0.0000000000000000e+00
   0.0000000000000000e+00    0.0000000000000000e+00    0.0000000000000000e+00
   0.0000000000000000e+00    0.0000000000000000e+00    0.0000000000000000e+00
   0.0000000000000000e+00    0.0000000000000000e+00    0.0000000000000000e+00
   0.0000000000000000e+00    0.0000000000000000e+00    0.0000000000000000e+00
   0.0000000000000000e+00    0.0000000000000000e+00    0.0000000000000000e+00
   0.0000000000000000e+00    0.0000000000000000e+00    0.0000000000000000e+00
   0.0000000000000000e+00    0.0000000000000000e+00    0.0000000000000000e+00
   0.0000000000000000e+00    0.0000000000000000e+00   -1.6747252887517723e-02
   0.0000000000000000e+00    0.0000000000000000e+00    1.6747252887517723e-02
   0.0000000000000000e+00    0.0000000000000000e+00    0.0000000000000000e+00
   0.0000000000000000e+00    0.0000000000000000e+00    0.0000000000000000e+00
   0.0000000000000000e+00    0.0000000000000000e+00    0.0000000000000000e+00
   0.0000000000000000e+00    0.0000000000000000e+00    0.0000000000000000e+00
   0.0000000000000000e+00    0.0000000000000000e+00    0.0000000000000000e+00
   0.0000000000000000e+00    0.0000000000000000e+00    0.0000000000000000e+00
   0.0000000000000000e+00    0.0000000000000000e+00    0.0000000000000000e+00
   0.0000000000000000e+00    0.0000000000000000e+00    0.0000000000000000e+00
   0.0000000000000000e+00    0.0000000000000000e+00    0.0000000000000000e+00
   0.0000000000000000e+00    0.0000000000000000e+00   -3.8840804644738124e-02
   0.0000000000000000e+00    0.0000000000000000e+00    0.0000000000000000e+00
   0.0000000000000000e+00    3.4430057414936688e-03    3.8840804644738124e-02
   0.0000000000000000e+00    0.0000000000000000e+00    0.0000000000000000e+00
   0.0000000000000000e+00   -3.4430057414936688e-03    0.0000000000000000e+00
   0.0000000000000000e+00    0.0000000000000000e+00    0.0000000000000000e+00
  -7.9909243895452536e-02    0.0000000000000000e+00    0.0000000000000000e+00
   0.0000000000000000e+00    0.0000000000000000e+00   -5.5303648194191438e-02
   7.9909243895452536e-02    0.0000000000000000e+00    0.0000000000000000e+00
   0.0000000000000000e+00    0.0000000000000000e+00    5.5303648194191438e-02
   0.0000000000000000e+00    0.0000000000000000e+00    0.0000000000000000e+00
   0.0000000000000000e+00    0.0000000000000000e+00   -7.2167185464628983e-02
   0.0000000000000000e+00    0.0000000000000000e+00   -5.5419932577111281e-02
   0.0000000000000000e+00    0.0000000000000000e+00    5.5419932577111281e-02
   0.0000000000000000e+00    0.0000000000000000e+00    7.2167185464628983e-02
   0.0000000000000000e+00    0.0000000000000000e+00    0.0000000000000000e+00
   0.0000000000000000e+00    0.0000000000000000e+00    0.0000000000000000e+00
   0.0000000000000000e+00    0.0000000000000000e+00    0.0000000000000000e+00
   0.0000000000000000e+00    0.0000000000000000e+00    0.0000000000000000e+00
   0.0000000000000000e+00    0.0000000000000000e+00    0.0000000000000000e+00
   0.0000000000000000e+00    0.0000000000000000e+00    0.0000000000000000e+00
   0.0000000000000000e+00    0.0000000000000000e+00    9.4883297826668794e-03
   0.0000000000000000e+00    0.0000000000000000e+00   -9.4883297826668794e-03
   0.0000000000000000e+00    0.0000000000000000e+00    0.0000000000000000e+00
   0.0000000000000000e+00    0.0000000000000000e+00    0.0000000000000000e+00
   0.0000000000000000e+00    0.0000000000000000e+00    0.0000000000000000e+00
   0.0000000000000000e+00    0.0000000000000000e+00    0.0000000000000000e+00
   1.6747252887517723e-02    0.0000000000000000e+00    0.0000000000000000e+00
  -1.6747252887517723e-02    0.0000000000000000e+00    0.0000000000000000e+00
   0.0000000000000000e+00    0.0000000000000000e+00    0.0000000000000000e+00
   0.0000000000000000e+00    0.0000000000000000e+00    0.0000000000000000e+00
   0.0000000000000000e+00    0.0000000000000000e+00    0.0000000000000000e+00
   0.0000000000000000e+00    0.0000000000000000e+00    0.0000000000000000e+00
   0.0000000000000000e+00    0.0000000000000000e+00    0.0000000000000000e+00
   0.0000000000000000e+00    0.0000000000000000e+00    0.0000000000000000e+00
   0.0000000000000000e+00    0.0000000000000000e+00    0.0000000000000000e+00
   0.0000000000000000e+00    0.0000000000000000e+00    0.0000000000000000e+00
   0.0000000000000000e+00    0.0000000000000000e+00    0.0000000000000000e+00
   0.0000000000000000e+00    0.0000000000000000e+00    0.0000000000000000e+00
   0.0000000000000000e+00    0.0000000000000000e+00    0.0000000000000000e+00
   0.0000000000000000e+00    0.0000000000000000e+00    0.0000000000000000e+00
   0.0000000000000000e+00    0.0000000000000000e+00    0.0000000000000000e+00
   0.0000000000000000e+00    0.0000000000000000e+00    0.0000000000000000e+00
   0.0000000000000000e+00    0.0000000000000000e+00   -2.2179590974529782e-02
   0.0000000000000000e+00    0.0000000000000000e+00   -3.1667920757196655e-02
   0.0000000000000000e+00    0.0000000000000000e+00    3.1667920757196655e-02
   0.0000000000000000e+00    0.0000000000000000e+00    2.2179590974529782e-02
   0.0000000000000000e+00    0.0000000000000000e+00    0.0000000000000000e+00
   0.0000000000000000e+00    0.0000000000000000e+00    0.0000000000000000e+00
  -5.5419932577111281e-02    0.0000000000000000e+00    0.0000000000000000e+00
  -7.2167185464628983e-02    0.0000000000000000e+00    0.0000000000000000e+00
   7.2167185464628983e-02    0.0000000000000000e+00    0.0000000000000000e+00
   5.5419932577111281e-02    0.0000000000000000e+00    0.0000000000000000e+00
   0.0000000000000000e+00    0.0000000000000000e+00    0.0000000000000000e+00
  -5.8701275344052423e-02    0.0000000000000000e+00    0.0000000000000000e+00
   0.0000000000000000e+00    0.0000000000000000e+00   -9.9863919327956088e-02
   5.8701275344052423e-02    0.0000000000000000e+00    0.0000000000000000e+00
   0.0000000000000000e+00    0.0000000000000000e+00    9.9863919327956088e-02
   0.0000000000000000e+00    0.0000000000000000e+00    0.0000000000000000e+00
   0.0000000000000000e+00    0.0000000000000000e+00    0.0000000000000000e+00
   0.0000000000000000e+00    0.0000000000000000e+00    0.0000000000000000e+00
   0.0000000000000000e+00    0.0000000000000000e+00    0.0000000000000000e+00
   0.0000000000000000e+00    0.0000000000000000e+00    0.0000000000000000e+00
   0.0000000000000000e+00    0.0000000000000000e+00    0.0000000000000000e+00
   0.0000000000000000e+00    0.0000000000000000e+00    0.0000000000000000e+00
   0.0000000000000000e+00    0.0000000000000000e+00    0.0000000000000000e+00
   0.0000000000000000e+00    0.0000000000000000e+00    0.0000000000000000e+00
   0.0000000000000000e+00    0.0000000000000000e+00    0.0000000000000000e+00
   0.0000000000000000e+00    0.0000000000000000e+00    0.0000000000000000e+00
   0.0000000000000000e+00    0.0000000000000000e+00    0.0000000000000000e+00
   0.0000000000000000e+00    0.0000000000000000e+00    0.0000000000000000e+00
   0.0000000000000000e+00    0.0000000000000000e+00    0.0000000000000000e+00
   0.0000000000000000e+00    0.0000000000000000e+00    0.0000000000000000e+00
   0.0000000000000000e+00    0.0000000000000000e+00    0.0000000000000000e+00
   0.0000000000000000e+00    0.0000000000000000e+00    0.0000000000000000e+00
   0.0000000000000000e+00    0.0000000000000000e+00    0.0000000000000000e+00
   0.0000000000000000e+00    0.0000000000000000e+00    0.0000000000000000e+00
   0.0000000000000000e+00    0.0000000000000000e+00    0.0000000000000000e+00
   0.0000000000000000e+00    0.0000000000000000e+00    0.0000000000000000e+00
   0.0000000000000000e+00    0.0000000000000000e+00    0.0000000000000000e+00
   0.0000000000000000e+00    0.0000000000000000e+00    0.0000000000000000e+00
   0.0000000000000000e+00    0.0000000000000000e+00    0.0000000000000000e+00
   0.0000000000000000e+00    0.0000000000000000e+00    0.0000000000000000e+00
   0.0000000000000000e+00    0.0000000000000000e+00    0.0000000000000000e+00
   0.0000000000000000e+00    0.0000000000000000e+00    0.0000000000000000e+00
   0.0000000000000000e+00    0.0000000000000000e+00    0.0000000000000000e+00
   0.0000000000000000e+00    0.0000000000000000e+00    0.0000000000000000e+00
   0.0000000000000000e+00    0.0000000000000000e+00    0.0000000000000000e+00
   0.0000000000000000e+00    0.0000000000000000e+00    0.0000000000000000e+00
   0.0000000000000000e+00    0.0000000000000000e+00    0.0000000000000000e+00
   0.0000000000000000e+00    0.0000000000000000e+00    0.0000000000000000e+00
   0.0000000000000000e+00    0.0000000000000000e+00    0.0000000000000000e+00
   0.0000000000000000e+00    0.0000000000000000e+00    0.0000000000000000e+00
   0.0000000000000000e+00    0.0000000000000000e+00    0.0000000000000000e+00
   0.0000000000000000e+00    0.0000000000000000e+00    0.0000000000000000e+00
   0.0000000000000000e+00    0.0000000000000000e+00    0.0000000000000000e+00
   0.0000000000000000e+00    0.0000000000000000e+00    0.0000000000000000e+00
   0.0000000000000000e+00    0.0000000000000000e+00    0.0000000000000000e+00
   0.0000000000000000e+00    0.0000000000000000e+00    0.0000000000000000e+00
   0.0000000000000000e+00    0.0000000000000000e+00    0.0000000000000000e+00
   0.0000000000000000e+00    0.0000000000000000e+00    0.0000000000000000e+00
   0.0000000000000000e+00    0.0000000000000000e+00    0.0000000000000000e+00
  -2.6522568696809915e-02    0.0000000000000000e+00    0.0000000000000000e+00
   0.0000000000000000e+00    0.0000000000000000e+00   -1.2827287906521784e-02
   2.6522568696809915e-02    0.0000000000000000e+00    0.0000000000000000e+00
   0.0000000000000000e+00    0.0000000000000000e+00    1.2827287906521784e-02
   0.0000000000000000e+00    0.0000000000000000e+00    0.0000000000000000e+00
   0.0000000000000000e+00    3.1821737578166316e-02    0.0000000000000000e+00
   0.0000000000000000e+00    0.0000000000000000e+00    0.0000000000000000e+00
   1.9227945487402007e-02   -3.1821737578166316e-02    0.0000000000000000e+00
   0.0000000000000000e+00    0.0000000000000000e+00    0.0000000000000000e+00
  -1.9227945487402007e-02    0.0000000000000000e+00    0.0000000000000000e+00
   0.0000000000000000e+00    0.0000000000000000e+00    3.8840804644738124e-02
   0.0000000000000000e+00    0.0000000000000000e+00    0.0000000000000000e+00
   0.0000000000000000e+00   -3.4430057414936688e-03   -3.8840804644738124e-02
   0.0000000000000000e+00    0.0000000000000000e+00    0.0000000000000000e+00
   0.0000000000000000e+00    3.4430057414936688e-03    0.0000000000000000e+00
   0.0000000000000000e+00    0.0000000000000000e+00    0.0000000000000000e+00
   0.0000000000000000e+00    2.2179590974529782e-02    0.0000000000000000e+00
   0.0000000000000000e+00    3.1667920757196655e-02    0.0000000000000000e+00
   0.0000000000000000e+00   -3.1667920757196655e-02    0.0000000000000000e+00
   0.0000000000000000e+00   -2.2179590974529782e-02    0.0000000000000000e+00
   0.0000000000000000e+00    0.0000000000000000e+00    0.0000000000000000e+00
   0.0000000000000000e+00    0.0000000000000000e+00    0.0000000000000000e+00
   0.0000000000000000e+00    0.0000000000000000e+00    0.0000000000000000e+00
   0.0000000000000000e+00    0.0000000000000000e+00    0.0000000000000000e+00
   0.0000000000000000e+00    0.0000000000000000e+00    0.0000000000000000e+00
   0.0000000000000000e+00    0.0000000000000000e+00    0.0000000000000000e+00
   0.0000000000000000e+00    0.0000000000000000e+00    0.0000000000000000e+00
   0.0000000000000000e+00    0.0000000000000000e+00    0.0000000000000000e+00
   0.0000000000000000e+00    0.0000000000000000e+00    0.0000000000000000e+00
   0.0000000000000000e+00    0.0000000000000000e+00    0.0000000000000000e+00
   0.0000000000000000e+00    0.0000000000000000e+00    0.0000000000000000e+00
   0.0000000000000000e+00    0.0000000000000000e+00    0.0000000000000000e+00
   0.0000000000000000e+00    0.0000000000000000e+00    0.0000000000000000e+00
   0.0000000000000000e+00    0.0000000000000000e+00    0.0000000000000000e+00
   0.0000000000000000e+00    0.0000000000000000e+00    0.0000000000000000e+00
   0.0000000000000000e+00    0.0000000000000000e+00    0.0000000000000000e+00
   0.0000000000000000e+00    0.0000000000000000e+00    0.0000000000000000e+00
   0.0000000000000000e+00    0.0000000000000000e+00    0.0000000000000000e+00
   0.0000000000000000e+00    0.0000000000000000e+00    0.0000000000000000e+00
   0.0000000000000000e+00    0.0000000000000000e+00    0.0000000000000000e+00
   0.0000000000000000e+00   -9.4883297826668794e-03    0.0000000000000000e+00
   0.0000000000000000e+00    9.4883297826668794e-03    0.0000000000000000e+00
   0.0000000000000000e+00    0.0000000000000000e+00    0.0000000000000000e+00
   0.0000000000000000e+00    0.0000000000000000e+00    0.0000000000000000e+00
   0.0000000000000000e+00    0.0000000000000000e+00    0.0000000000000000e+00
   0.0000000000000000e+00    0.0000000000000000e+00    0.0000000000000000e+00
   0.0000000000000000e+00    0.0000000000000000e+00    0.0000000000000000e+00
   0.0000000000000000e+00    0.0000000000000000e+00    0.0000000000000000e+00
   3.8840804644738124e-02    0.0000000000000000e+00    0.0000000000000000e+00
   0.0000000000000000e+00    0.0000000000000000e+00   -3.4430057414936688e-03
  -3.8840804644738124e-02    0.0000000000000000e+00    0.0000000000000000e+00
   0.0000000000000000e+00    0.0000000000000000e+00    3.4430057414936688e-03
   0.0000000000000000e+00    0.0000000000000000e+00    0.0000000000000000e+00
   0.0000000000000000e+00    7.9909243895452536e-02    0.0000000000000000e+00
   0.0000000000000000e+00    0.0000000000000000e+00    0.0000000000000000e+00
   5.5303648194191438e-02   -7.9909243895452536e-02    0.0000000000000000e+00
   0.0000000000000000e+00    0.0000000000000000e+00    0.0000000000000000e+00
  -5.5303648194191438e-02    0.0000000000000000e+00    0.0000000000000000e+00
   0.0000000000000000e+00    0.0000000000000000e+00    0.0000000000000000e+00
   5.5419932577111281e-02    0.0000000000000000e+00    0.0000000000000000e+00
   7.2167185464628983e-02    0.0000000000000000e+00    0.0000000000000000e+00
  -7.2167185464628983e-02    0.0000000000000000e+00    0.0000000000000000e+00
  -5.5419932577111281e-02    0.0000000000000000e+00    0.0000000000000000e+00
   0.0000000000000000e+00    0.0000000000000000e+00    0.0000000000000000e+00
   0.0000000000000000e+00    0.0000000000000000e+00    0.0000000000000000e+00
   0.0000000000000000e+00    0.0000000000000000e+00    0.0000000000000000e+00
   0.0000000000000000e+00    0.0000000000000000e+00    0.0000000000000000e+00
   0.0000000000000000e+00    0.0000000000000000e+00    0.0000000000000000e+00
   0.0000000000000000e+00    0.0000000000000000e+00    0.0000000000000000e+00
   0.0000000000000000e+00    0.0000000000000000e+00    0.0000000000000000e+00
   0.0000000000000000e+00    0.0000000000000000e+00    0.0000000000000000e+00
   0.0000000000000000e+00    0.0000000000000000e+00    0.0000000000000000e+00
   0.0000000000000000e+00    0.0000000000000000e+00    0.0000000000000000e+00
   0.0000000000000000e+00    0.0000000000000000e+00    0.0000000000000000e+00
   0.0000000000000000e+00    0.0000000000000000e+00    0.0000000000000000e+00
   0.0000000000000000e+00    0.0000000000000000e+00    0.0000000000000000e+00
   0.0000000000000000e+00    0.0000000000000000e+00    0.0000000000000000e+00
   0.0000000000000000e+00    0.0000000000000000e+00    0.0000000000000000e+00
   0.0000000000000000e+00    0.0000000000000000e+00    0.0000000000000000e+00
   0.0000000000000000e+00    0.0000000000000000e+00    0.0000000000000000e+00
   0.0000000000000000e+00    0.0000000000000000e+00    0.0000000000000000e+00
   0.0000000000000000e+00    0.0000000000000000e+00    0.0000000000000000e+00
   0.0000000000000000e+00    0.0000000000000000e+00    0.0000000000000000e+00
  -1.6747252887517723e-02    0.0000000000000000e+00    0.0000000000000000e+00
   1.6747252887517723e-02    0.0000000000000000e+00    0.0000000000000000e+00
   0.0000000000000000e+00    0.0000000000000000e+00    0.0000000000000000e+00
   0.0000000000000000e+00    0.0000000000000000e+00    0.0000000000000000e+00
   0.0000000000000000e+00    0.0000000000000000e+00    0.0000000000000000e+00
   0.0000000000000000e+00    0.0000000000000000e+00    0.0000000000000000e+00
   0.0000000000000000e+00    0.0000000000000000e+00    0.0000000000000000e+00
   0.0000000000000000e+00    0.0000000000000000e+00    0.0000000000000000e+00
   3.1667920757196655e-02    0.0000000000000000e+00    0.0000000000000000e+00
   2.2179590974529782e-02    0.0000000000000000e+00    0.0000000000000000e+00
  -2.2179590974529782e-02    0.0000000000000000e+00    0.0000000000000000e+00
  -3.1667920757196655e-02    0.0000000000000000e+00    0.0000000000000000e+00
   0.0000000000000000e+00    0.0000000000000000e+00    0.0000000000000000e+00
   0.0000000000000000e+00    7.2167185464628983e-02    0.0000000000000000e+00
   0.0000000000000000e+00    5.5419932577111281e-02    0.0000000000000000e+00
   0.0000000000000000e+00   -5.5419932577111281e-02    0.0000000000000000e+00
   0.0000000000000000e+00   -7.2167185464628983e-02    0.0000000000000000e+00
   0.0000000000000000e+00    0.0000000000000000e+00    0.0000000000000000e+00
   0.0000000000000000e+00    5.8701275344052423e-02    0.0000000000000000e+00
   0.0000000000000000e+00    0.0000000000000000e+00    0.0000000000000000e+00
   9.9863919327956088e-02   -5.8701275344052423e-02    0.0000000000000000e+00
   0.0000000000000000e+00    0.0000000000000000e+00    0.0000000000000000e+00
  -9.9863919327956088e-02    0.0000000000000000e+00    0.0000000000000000e+00
   0.0000000000000000e+00    0.0000000000000000e+00    0.0000000000000000e+00
   0.0000000000000000e+00    0.0000000000000000e+00    0.0000000000000000e+00
   0.0000000000000000e+00    0.0000000000000000e+00    0.0000000000000000e+00
   0.0000000000000000e+00    0.0000000000000000e+00    0.0000000000000000e+00
   0.0000000000000000e+00    0.0000000000000000e+00    0.0000000000000000e+00
   0.0000000000000000e+00    0.0000000000000000e+00    0.0000000000000000e+00
   0.0000000000000000e+00    0.0000000000000000e+00    0.0000000000000000e+00
   0.0000000000000000e+00    0.0000000000000000e+00    0.0000000000000000e+00
   0.0000000000000000e+00    0.0000000000000000e+00    0.0000000000000000e+00
   9.4883297826668794e-03    0.0000000000000000e+00    0.0000000000000000e+00
  -9.4883297826668794e-03    0.0000000000000000e+00    0.0000000000000000e+00
   0.0000000000000000e+00    0.0000000000000000e+00    0.0000000000000000e+00
   0.0000000000000000e+00    0.0000000000000000e+00    0.0000000000000000e+00
   0.0000000000000000e+00    0.0000000000000000e+00    0.0000000000000000e+00
   0.0000000000000000e+00    1.6747252887517723e-02    0.0000000000000000e+00
   0.0000000000000000e+00   -1.6747252887517723e-02    0.0000000000000000e+00
   0.0000000000000000e+00    0.0000000000000000e+00    0.0000000000000000e+00
   0.0000000000000000e+00    0.0000000000000000e+00    0.0000000000000000e+00
   0.0000000000000000e+00    0.0000000000000000e+00    0.0000000000000000e+00
   0.0000000000000000e+00    0.0000000000000000e+00    0.0000000000000000e+00
   0.0000000000000000e+00    0.0000000000000000e+00    0.0000000000000000e+00
   0.0000000000000000e+00    0.0000000000000000e+00    0.0000000000000000e+00
   0.0000000000000000e+00    0.0000000000000000e+00    0.0000000000000000e+00
   0.0000000000000000e+00    0.0000000000000000e+00    0.0000000000000000e+00
   0.0000000000000000e+00    0.0000000000000000e+00    0.0000000000000000e+00
   0.0000000000000000e+00    0.0000000000000000e+00    0.0000000000000000e+00
   0.0000000000000000e+00    0.0000000000000000e+00    0.0000000000000000e+00
   0.0000000000000000e+00    0.0000000000000000e+00    0.0000000000000000e+00
   0.0000000000000000e+00    0.0000000000000000e+00    0.0000000000000000e+00
   0.0000000000000000e+00    0.0000000000000000e+00    0.0000000000000000e+00
   0.0000000000000000e+00    0.0000000000000000e+00    0.0000000000000000e+00
   0.0000000000000000e+00    0.0000000000000000e+00    0.0000000000000000e+00
   0.0000000000000000e+00    0.0000000000000000e+00    0.0000000000000000e+00
   0.0000000000000000e+00    0.0000000000000000e+00    0.0000000000000000e+00
   0.0000000000000000e+00    0.0000000000000000e+00    0.0000000000000000e+00
   0.0000000000000000e+00    0.0000000000000000e+00    0.0000000000000000e+00
   0.0000000000000000e+00    0.0000000000000000e+00    0.0000000000000000e+00
   0.0000000000000000e+00    0.0000000000000000e+00    0.0000000000000000e+00
   0.0000000000000000e+00    0.0000000000000000e+00    0.0000000000000000e+00
   0.0000000000000000e+00    0.0000000000000000e+00    0.0000000000000000e+00
   0.0000000000000000e+00    0.0000000000000000e+00    0.0000000000000000e+00
   0.0000000000000000e+00    0.0000000000000000e+00    0.0000000000000000e+00
   0.0000000000000000e+00    0.0000000000000000e+00    0.0000000000000000e+00
   0.0000000000000000e+00    2.6522568696809915e-02    0.0000000000000000e+00
   0.0000000000000000e+00    0.0000000000000000e+00    0.0000000000000000e+00
   1.2827287906521784e-02   -2.6522568696809915e-02    0.0000000000000000e+00
   0.0000000000000000e+00    0.0000000000000000e+00    0.0000000000000000e+00
  -1.2827287906521784e-02    0.0000000000000000e+00    0.0000000000000000e+00
   0.0000000000000000e+00    0.0000000000000000e+00    0.0000000000000000e+00
   0.0000000000000000e+00    0.0000000000000000e+00    0.0000000000000000e+00
   0.0000000000000000e+00    0.0000000000000000e+00    0.0000000000000000e+00
   0.0000000000000000e+00    0.0000000000000000e+00    0.0000000000000000e+00
   0.0000000000000000e+00    0.0000000000000000e+00    0.0000000000000000e+00
   0.0000000000000000e+00    0.0000000000000000e+00    0.0000000000000000e+00
   0.0000000000000000e+00    0.0000000000000000e+00    0.0000000000000000e+00
   0.0000000000000000e+00    0.0000000000000000e+00    0.0000000000000000e+00
   0.0000000000000000e+00    0.0000000000000000e+00    0.0000000000000000e+00
   0.0000000000000000e+00    0.0000000000000000e+00    0.0000000000000000e+00
   0.0000000000000000e+00    0.0000000000000000e+00    0.0000000000000000e+00
   0.0000000000000000e+00    0.0000000000000000e+00    0.0000000000000000e+00
   0.0000000000000000e+00    0.0000000000000000e+00    0.0000000000000000e+00
   0.0000000000000000e+00    0.0000000000000000e+00    0.0000000000000000e+00
   0.0000000000000000e+00    0.0000000000000000e+00    0.0000000000000000e+00
   0.0000000000000000e+00    0.0000000000000000e+00    0.0000000000000000e+00
   0.0000000000000000e+00    0.0000000000000000e+00    0.0000000000000000e+00
   0.0000000000000000e+00    0.0000000000000000e+00    0.0000000000000000e+00
   0.0000000000000000e+00    0.0000000000000000e+00    0.0000000000000000e+00
   0.0000000000000000e+00    0.0000000000000000e+00    0.0000000000000000e+00
   0.0000000000000000e+00    0.0000000000000000e+00    0.0000000000000000e+00
   0.0000000000000000e+00 
