OOOO
4 2 2 2 2
   0.0000000000000000e+00    0.0000000000000000e+00    0.0000000000000000e+00
   0.0000000000000000e+00    0.0000000000000000e+00    7.5467285684871255e-01
  -7.5467285684871255e-01    0.0000000000000000e+00    0.0000000000000000e+00
  -7.5467285684871255e-01    7.5467285684871255e-01    0.0000000000000000e+00
   0.0000000000000000e+00    0.0000000000000000e+00    0.0000000000000000e+00
   0.0000000000000000e+00 
OOOV
4 2 2 2 6
   0.0000000000000000e+00    0.0000000000000000e+00    0.0000000000000000e+00
   0.0000000000000000e+00    0.0000000000000000e+00    0.0000000000000000e+00
   0.0000000000000000e+00    0.0000000000000000e+00    0.0000000000000000e+00
   0.0000000000000000e+00    0.0000000000000000e+00    0.0000000000000000e+00
   0.0000000000000000e+00    0.0000000000000000e+00    0.0000000000000000e+00
  -2.0426368929626904e-16   -1.9760530795457304e-01   -1.5829351718288365e-16
   2.0426368929626904e-16    1.9760530795457304e-01    1.5829351718288365e-16
   0.0000000000000000e+00    0.0000000000000000e+00    0.0000000000000000e+00
   0.0000000000000000e+00    0.0000000000000000e+00    0.0000000000000000e+00
   2.0426368929626904e-16    1.9760530795457304e-01    1.5829351718288365e-16
  -2.0426368929626904e-16   -1.9760530795457304e-01   -1.5829351718288365e-16
   0.0000000000000000e+00    0.0000000000000000e+00    0.0000000000000000e+00
   0.0000000000000000e+00    0.0000000000000000e+00    0.0000000000000000e+00
   0.0000000000000000e+00    0.0000000000000000e+00    0.0000000000000000e+00
   0.0000000000000000e+00    0.0000000000000000e+00    0.0000000000000000e+00
   0.0000000000000000e+00    0.0000000000000000e+00    0.0000000000000000e+00

OOVV
4 2 2 6 6
   0.0000000000000000e+00    0.0000000000000000e+00    0.0000000000000000e+00
   0.0000000000000000e+00    0.0000000000000000e+00    0.0000000000000000e+00
   0.0000000000000000e+00    0.0000000000000000e+00    0.0000000000000000e+00
   0.0000000000000000e+00    0.0000000000000000e+00    0.0000000000000000e+00
   0.0000000000000000e+00    0.0000000000000000e+00    0.0000000000000000e+00
   0.0000000000000000e+00    0.0000000000000000e+00    0.0000000000000000e+00
   0.0000000000000000e+00    0.0000000000000000e+00    0.0000000000000000e+00
   0.0000000000000000e+00    0.0000000000000000e+00    0.0000000000000000e+00
   0.0000000000000000e+00    0.0000000000000000e+00    0.0000000000000000e+00
   0.0000000000000000e+00    0.0000000000000000e+00    0.0000000000000000e+00
   0.0000000000000000e+00    0.0000000000000000e+00    0.0000000000000000e+00
   0.0000000000000000e+00    0.0000000000000000e+00    0.0000000000000000e+00
   0.0000000000000000e+00    0.0000000000000000e+00    0.0000000000000000e+00
   5.4801444865361440e-02   -5.8546917314217239e-17    7.0664513553070601e-02
   0.0000000000000000e+00    0.0000000000000000e+00    0.0000000000000000e+00
  -5.8546917314217239e-17    1.1756920648025528e-01   -2.0258317592891650e-16
   0.0000000000000000e+00    0.0000000000000000e+00    0.0000000000000000e+00
   7.0664513553070601e-02   -2.0258317592891650e-16    1.6126744149360159e-01
  -5.4801444865361440e-02    5.8546917314217239e-17   -7.0664513553070601e-02
   0.0000000000000000e+00    0.0000000000000000e+00    0.0000000000000000e+00
   5.8546917314217239e-17   -1.1756920648025528e-01    2.0258317592891650e-16
   0.0000000000000000e+00    0.0000000000000000e+00    0.0000000000000000e+00
  -7.0664513553070601e-02    2.0258317592891650e-16   -1.6126744149360159e-01
   0.0000000000000000e+00    0.0000000000000000e+00    0.0000000000000000e+00
   0.0000000000000000e+00    0.0000000000000000e+00    0.0000000000000000e+00
  -5.4801444865361440e-02    5.8546917314217239e-17   -7.0664513553070601e-02
   0.0000000000000000e+00    0.0000000000000000e+00    0.0000000000000000e+00
   5.8546917314217239e-17   -1.1756920648025528e-01    2.0258317592891650e-16
   0.0000000000000000e+00    0.0000000000000000e+00    0.0000000000000000e+00
  -7.0664513553070601e-02    2.0258317592891650e-16   -1.6126744149360159e-01
   5.4801444865361440e-02   -5.8546917314217239e-17    7.0664513553070601e-02
   0.0000000000000000e+00    0.0000000000000000e+00    0.0000000000000000e+00
  -5.8546917314217239e-17    1.1756920648025528e-01   -2.0258317592891650e-16
   0.0000000000000000e+00    0.0000000000000000e+00    0.0000000000000000e+00
   7.0664513553070601e-02   -2.0258317592891650e-16    1.6126744149360159e-01
   0.0000000000000000e+00    0.0000000000000000e+00    0.0000000000000000e+00
   0.0000000000000000e+00    0.0000000000000000e+00    0.0000000000000000e+00
   0.0000000000000000e+00    0.0000000000000000e+00    0.0000000000000000e+00
   0.0000000000000000e+00    0.0000000000000000e+00    0.0000000000000000e+00
   0.0000000000000000e+00    0.0000000000000000e+00    0.0000000000000000e+00
   0.0000000000000000e+00    0.0000000000000000e+00    0.0000000000000000e+00
   0.0000000000000000e+00    0.0000000000000000e+00    0.0000000000000000e+00
   0.0000000000000000e+00    0.0000000000000000e+00    0.0000000000000000e+00
   0.0000000000000000e+00    0.0000000000000000e+00    0.0000000000000000e+00
   0.0000000000000000e+00    0.0000000000000000e+00    0.0000000000000000e+00
   0.0000000000000000e+00    0.0000000000000000e+00    0.0000000000000000e+00
   0.0000000000000000e+00    0.0000000000000000e+00    0.0000000000000000e+00
   0.0000000000000000e+00    0.0000000000000000e+00    0.0000000000000000e+00

OVOV
4 2 6 2 6
   3.7027942356985616e-01   -3.6244878626190413e-16    6.9475688358880738e-02
   0.0000000000000000e+00    0.0000000000000000e+00    0.0000000000000000e+00
   0.0000000000000000e+00    0.0000000000000000e+00    0.0000000000000000e+00
   0.0000000000000000e+00    0.0000000000000000e+00    0.0000000000000000e+00
  -3.6244878626190413e-16    4.3657414866134592e-01    3.0850972818075029e-16
   0.0000000000000000e+00    0.0000000000000000e+00    0.0000000000000000e+00
   0.0000000000000000e+00    0.0000000000000000e+00    0.0000000000000000e+00
   0.0000000000000000e+00    0.0000000000000000e+00    0.0000000000000000e+00
   6.9475688358880738e-02    3.0850972818075029e-16    6.0885393030735457e-01
   0.0000000000000000e+00    0.0000000000000000e+00    0.0000000000000000e+00
   0.0000000000000000e+00    0.0000000000000000e+00    0.0000000000000000e+00
   0.0000000000000000e+00    0.0000000000000000e+00    0.0000000000000000e+00
   0.0000000000000000e+00    0.0000000000000000e+00    0.0000000000000000e+00
   4.2508086843521758e-01   -4.2099570357612137e-16    1.4014020191195134e-01
  -5.4801444865361440e-02    5.8546917314217239e-17   -7.0664513553070601e-02
   0.0000000000000000e+00    0.0000000000000000e+00    0.0000000000000000e+00
   0.0000000000000000e+00    0.0000000000000000e+00    0.0000000000000000e+00
  -4.2099570357612137e-16    5.5414335514160118e-01    1.0592655225183378e-16
   5.8546917314217239e-17   -1.1756920648025528e-01    2.0258317592891650e-16
   0.0000000000000000e+00    0.0000000000000000e+00    0.0000000000000000e+00
   0.0000000000000000e+00    0.0000000000000000e+00    0.0000000000000000e+00
   1.4014020191195134e-01    1.0592655225183378e-16    7.7012137180095619e-01
  -7.0664513553070601e-02    2.0258317592891650e-16   -1.6126744149360159e-01
   0.0000000000000000e+00    0.0000000000000000e+00    0.0000000000000000e+00
   0.0000000000000000e+00    0.0000000000000000e+00    0.0000000000000000e+00
  -5.4801444865361440e-02    5.8546917314217239e-17   -7.0664513553070601e-02
   4.2508086843521758e-01   -4.2099570357612137e-16    1.4014020191195134e-01
   0.0000000000000000e+00    0.0000000000000000e+00    0.0000000000000000e+00
   0.0000000000000000e+00    0.0000000000000000e+00    0.0000000000000000e+00
   5.8546917314217239e-17   -1.1756920648025528e-01    2.0258317592891650e-16
  -4.2099570357612137e-16    5.5414335514160118e-01    1.0592655225183378e-16
   0.0000000000000000e+00    0.0000000000000000e+00    0.0000000000000000e+00
   0.0000000000000000e+00    0.0000000000000000e+00    0.0000000000000000e+00
  -7.0664513553070601e-02    2.0258317592891650e-16   -1.6126744149360159e-01
   1.4014020191195134e-01    1.0592655225183378e-16    7.7012137180095619e-01
   0.0000000000000000e+00    0.0000000000000000e+00    0.0000000000000000e+00
   0.0000000000000000e+00    0.0000000000000000e+00    0.0000000000000000e+00
   0.0000000000000000e+00    0.0000000000000000e+00    0.0000000000000000e+00
   0.0000000000000000e+00    0.0000000000000000e+00    0.0000000000000000e+00
   3.7027942356985616e-01   -3.6244878626190413e-16    6.9475688358880738e-02
   0.0000000000000000e+00    0.0000000000000000e+00    0.0000000000000000e+00
   0.0000000000000000e+00    0.0000000000000000e+00    0.0000000000000000e+00
   0.0000000000000000e+00    0.0000000000000000e+00    0.0000000000000000e+00
  -3.6244878626190413e-16    4.3657414866134592e-01    3.0850972818075029e-16
   0.0000000000000000e+00    0.0000000000000000e+00    0.0000000000000000e+00
   0.0000000000000000e+00    0.0000000000000000e+00    0.0000000000000000e+00
   0.0000000000000000e+00    0.0000000000000000e+00    0.0000000000000000e+00
   6.9475688358880738e-02    3.0850972818075029e-16    6.0885393030735457e-01

OVVV
4 2 6 6 6
   0.0000000000000000e+00    6.6790437556075000e-02   -1.5536617131717279e-16
   0.0000000000000000e+00    0.0000000000000000e+00    0.0000000000000000e+00
  -6.6790437556075000e-02    0.0000000000000000e+00   -6.2452243296977766e-02
   0.0000000000000000e+00    0.0000000000000000e+00    0.0000000000000000e+00
   1.5536617131717279e-16    6.2452243296977766e-02    0.0000000000000000e+00
   0.0000000000000000e+00    0.0000000000000000e+00    0.0000000000000000e+00
   0.0000000000000000e+00    0.0000000000000000e+00    0.0000000000000000e+00
   0.0000000000000000e+00    0.0000000000000000e+00    0.0000000000000000e+00
   0.0000000000000000e+00    0.0000000000000000e+00    0.0000000000000000e+00
   0.0000000000000000e+00    0.0000000000000000e+00    0.0000000000000000e+00
   0.0000000000000000e+00    0.0000000000000000e+00    0.0000000000000000e+00
   0.0000000000000000e+00    0.0000000000000000e+00    0.0000000000000000e+00
   0.0000000000000000e+00   -1.8192912454306764e-16   -5.4022272083724315e-02
   0.0000000000000000e+00    0.0000000000000000e+00    0.0000000000000000e+00
   1.8192912454306764e-16    0.0000000000000000e+00    9.3132966616504831e-17
   0.0000000000000000e+00    0.0000000000000000e+00    0.0000000000000000e+00
   5.4022272083724315e-02   -9.3132966616504831e-17    0.0000000000000000e+00
   0.0000000000000000e+00    0.0000000000000000e+00    0.0000000000000000e+00
   0.0000000000000000e+00    0.0000000000000000e+00    0.0000000000000000e+00
   0.0000000000000000e+00    0.0000000000000000e+00    0.0000000000000000e+00
   0.0000000000000000e+00    0.0000000000000000e+00    0.0000000000000000e+00
   0.0000000000000000e+00    0.0000000000000000e+00    0.0000000000000000e+00
   0.0000000000000000e+00    0.0000000000000000e+00    0.0000000000000000e+00
   0.0000000000000000e+00    0.0000000000000000e+00    0.0000000000000000e+00
   0.0000000000000000e+00    8.4299712132528612e-03   -3.8662649470833088e-16
   0.0000000000000000e+00    0.0000000000000000e+00    0.0000000000000000e+00
  -8.4299712132528612e-03    0.0000000000000000e+00   -1.1525577240386770e-01
   0.0000000000000000e+00    0.0000000000000000e+00    0.0000000000000000e+00
   3.8662649470833088e-16    1.1525577240386770e-01    0.0000000000000000e+00
   0.0000000000000000e+00    0.0000000000000000e+00    0.0000000000000000e+00
   0.0000000000000000e+00    0.0000000000000000e+00    0.0000000000000000e+00
   0.0000000000000000e+00    0.0000000000000000e+00    0.0000000000000000e+00
   0.0000000000000000e+00    0.0000000000000000e+00    0.0000000000000000e+00
   0.0000000000000000e+00    0.0000000000000000e+00    0.0000000000000000e+00
   0.0000000000000000e+00    0.0000000000000000e+00    0.0000000000000000e+00
   0.0000000000000000e+00    0.0000000000000000e+00    0.0000000000000000e+00
   0.0000000000000000e+00    0.0000000000000000e+00    0.0000000000000000e+00
  -4.7011006198971472e-16    3.3073891660734878e-02    1.2945373939476923e-16
   0.0000000000000000e+00    0.0000000000000000e+00    0.0000000000000000e+00
  -3.3716545895340115e-02   -1.6154612370034016e-16   -5.8636605748584758e-02
   0.0000000000000000e+00    0.0000000000000000e+00    0.0000000000000000e+00
   2.8481991071194201e-16    3.8156375483930091e-03   -5.7419347054832315e-16
   4.7011006198971472e-16    3.3716545895340115e-02   -2.8481991071194201e-16
   0.0000000000000000e+00    0.0000000000000000e+00    0.0000000000000000e+00
  -3.3073891660734878e-02    1.6154612370034016e-16   -3.8156375483930091e-03
   0.0000000000000000e+00    0.0000000000000000e+00    0.0000000000000000e+00
  -1.2945373939476923e-16    5.8636605748584758e-02    5.7419347054832315e-16
   0.0000000000000000e+00    0.0000000000000000e+00    0.0000000000000000e+00
   0.0000000000000000e+00    0.0000000000000000e+00    0.0000000000000000e+00
   3.3073891660735183e-02   -2.5326962749261384e-16   -5.0206634535331487e-02
   0.0000000000000000e+00    0.0000000000000000e+00    0.0000000000000000e+00
  -7.1340502949546192e-17   -1.1298893390392689e-01    3.7220660581427367e-16
   0.0000000000000000e+00    0.0000000000000000e+00    0.0000000000000000e+00
   3.8156375483928253e-03    2.7907363919776884e-16   -1.0856806633895677e-01
  -3.3073891660735183e-02    7.1340502949546192e-17   -3.8156375483928253e-03
   0.0000000000000000e+00    0.0000000000000000e+00    0.0000000000000000e+00
   2.5326962749261384e-16    1.1298893390392689e-01   -2.7907363919776884e-16
   0.0000000000000000e+00    0.0000000000000000e+00    0.0000000000000000e+00
   5.0206634535331487e-02   -3.7220660581427367e-16    1.0856806633895677e-01
   0.0000000000000000e+00    0.0000000000000000e+00    0.0000000000000000e+00
   0.0000000000000000e+00    0.0000000000000000e+00    0.0000000000000000e+00
   3.6580981299660920e-16   -5.0206634535331821e-02   -6.7654215563095477e-16
   0.0000000000000000e+00    0.0000000000000000e+00    0.0000000000000000e+00
  -5.8636605748584682e-02    4.7097742372770313e-16   -2.2382383874282447e-01
   0.0000000000000000e+00    0.0000000000000000e+00    0.0000000000000000e+00
  -2.8991566092262389e-16   -1.0856806633895677e-01   -9.9659863694867568e-16
  -3.6580981299660920e-16    5.8636605748584682e-02    2.8991566092262389e-16
   0.0000000000000000e+00    0.0000000000000000e+00    0.0000000000000000e+00
   5.0206634535331821e-02   -4.7097742372770313e-16    1.0856806633895677e-01
   0.0000000000000000e+00    0.0000000000000000e+00    0.0000000000000000e+00
   6.7654215563095477e-16    2.2382383874282447e-01    9.9659863694867568e-16
   0.0000000000000000e+00    0.0000000000000000e+00    0.0000000000000000e+00
   0.0000000000000000e+00    0.0000000000000000e+00    0.0000000000000000e+00
   4.7011006198971472e-16    3.3716545895340115e-02   -2.8481991071194201e-16
   0.0000000000000000e+00    0.0000000000000000e+00    0.0000000000000000e+00
  -3.3073891660734878e-02    1.6154612370034016e-16   -3.8156375483930091e-03
   0.0000000000000000e+00    0.0000000000000000e+00    0.0000000000000000e+00
  -1.2945373939476923e-16    5.8636605748584758e-02    5.7419347054832315e-16
  -4.7011006198971472e-16    3.3073891660734878e-02    1.2945373939476923e-16
   0.0000000000000000e+00    0.0000000000000000e+00    0.0000000000000000e+00
  -3.3716545895340115e-02   -1.6154612370034016e-16   -5.8636605748584758e-02
   0.0000000000000000e+00    0.0000000000000000e+00    0.0000000000000000e+00
   2.8481991071194201e-16    3.8156375483930091e-03   -5.7419347054832315e-16
   0.0000000000000000e+00    0.0000000000000000e+00    0.0000000000000000e+00
   0.0000000000000000e+00    0.0000000000000000e+00    0.0000000000000000e+00
  -3.3073891660735183e-02    7.1340502949546192e-17   -3.8156375483928253e-03
   0.0000000000000000e+00    0.0000000000000000e+00    0.0000000000000000e+00
   2.5326962749261384e-16    1.1298893390392689e-01   -2.7907363919776884e-16
   0.0000000000000000e+00    0.0000000000000000e+00    0.0000000000000000e+00
   5.0206634535331487e-02   -3.7220660581427367e-16    1.0856806633895677e-01
   3.3073891660735183e-02   -2.5326962749261384e-16   -5.0206634535331487e-02
   0.0000000000000000e+00    0.0000000000000000e+00    0.0000000000000000e+00
  -7.1340502949546192e-17   -1.1298893390392689e-01    3.7220660581427367e-16
   0.0000000000000000e+00    0.0000000000000000e+00    0.0000000000000000e+00
   3.8156375483928253e-03    2.7907363919776884e-16   -1.0856806633895677e-01
   0.0000000000000000e+00    0.0000000000000000e+00    0.0000000000000000e+00
   0.0000000000000000e+00    0.0000000000000000e+00    0.0000000000000000e+00
  -3.6580981299660920e-16    5.8636605748584682e-02    2.8991566092262389e-16
   0.0000000000000000e+00    0.0000000000000000e+00    0.0000000000000000e+00
   5.0206634535331821e-02   -4.7097742372770313e-16    1.0856806633895677e-01
   0.0000000000000000e+00    0.0000000000000000e+00    0.0000000000000000e+00
   6.7654215563095477e-16    2.2382383874282447e-01    9.9659863694867568e-16
   3.6580981299660920e-16   -5.0206634535331821e-02   -6.7654215563095477e-16
   0.0000000000000000e+00    0.0000000000000000e+00    0.0000000000000000e+00
  -5.8636605748584682e-02    4.7097742372770313e-16   -2.2382383874282447e-01
   0.0000000000000000e+00    0.0000000000000000e+00    0.0000000000000000e+00
  -2.8991566092262389e-16   -1.0856806633895677e-01   -9.9659863694867568e-16
   0.0000000000000000e+00    0.0000000000000000e+00    0.0000000000000000e+00
   0.0000000000000000e+00    0.0000000000000000e+00    0.0000000000000000e+00
   0.0000000000000000e+00    0.0000000000000000e+00    0.0000000000000000e+00
   0.0000000000000000e+00    0.0000000000000000e+00    0.0000000000000000e+00
   0.0000000000000000e+00    0.0000000000000000e+00    0.0000000000000000e+00
   0.0000000000000000e+00    0.0000000000000000e+00    0.0000000000000000e+00
   0.0000000000000000e+00    0.0000000000000000e+00    0.0000000000000000e+00
   0.0000000000000000e+00    0.0000000000000000e+00    0.0000000000000000e+00
   0.0000000000000000e+00    6.6790437556075000e-02   -1.5536617131717279e-16
   0.0000000000000000e+00    0.0000000000000000e+00    0.0000000000000000e+00
  -6.6790437556075000e-02    0.0000000000000000e+00   -6.2452243296977766e-02
   0.0000000000000000e+00    0.0000000000000000e+00    0.0000000000000000e+00
   1.5536617131717279e-16    6.2452243296977766e-02    0.0000000000000000e+00
   0.0000000000000000e+00    0.0000000000000000e+00    0.0000000000000000e+00
   0.0000000000000000e+00    0.0000000000000000e+00    0.0000000000000000e+00
   0.0000000000000000e+00    0.0000000000000000e+00    0.0000000000000000e+00
   0.0000000000000000e+00    0.0000000000000000e+00    0.0000000000000000e+00
   0.0000000000000000e+00    0.0000000000000000e+00    0.0000000000000000e+00
   0.0000000000000000e+00    0.0000000000000000e+00    0.0000000000000000e+00
   0.0000000000000000e+00    0.0000000000000000e+00    0.0000000000000000e+00
   0.0000000000000000e+00   -1.8192912454306764e-16   -5.4022272083724315e-02
   0.0000000000000000e+00    0.0000000000000000e+00    0.0000000000000000e+00
   1.8192912454306764e-16    0.0000000000000000e+00    9.3132966616504831e-17
   0.0000000000000000e+00    0.0000000000000000e+00    0.0000000000000000e+00
   5.4022272083724315e-02   -9.3132966616504831e-17    0.0000000000000000e+00
   0.0000000000000000e+00    0.0000000000000000e+00    0.0000000000000000e+00
   0.0000000000000000e+00    0.0000000000000000e+00    0.0000000000000000e+00
   0.0000000000000000e+00    0.0000000000000000e+00    0.0000000000000000e+00
   0.0000000000000000e+00    0.0000000000000000e+00    0.0000000000000000e+00
   0.0000000000000000e+00    0.0000000000000000e+00    0.0000000000000000e+00
   0.0000000000000000e+00    0.0000000000000000e+00    0.0000000000000000e+00
   0.0000000000000000e+00    0.0000000000000000e+00    0.0000000000000000e+00
   0.0000000000000000e+00    8.4299712132528612e-03   -3.8662649470833088e-16
   0.0000000000000000e+00    0.0000000000000000e+00    0.0000000000000000e+00
  -8.4299712132528612e-03    0.0000000000000000e+00   -1.1525577240386770e-01
   0.0000000000000000e+00    0.0000000000000000e+00    0.0000000000000000e+00
   3.8662649470833088e-16    1.1525577240386770e-01    0.0000000000000000e+00

VVVV
4 6 6 6 6
   0.0000000000000000e+00    0.0000000000000000e+00    0.0000000000000000e+00
   0.0000000000000000e+00    0.0000000000000000e+00    0.0000000000000000e+00
   0.0000000000000000e+00    0.0000000000000000e+00    0.0000000000000000e+00
   0.0000000000000000e+00    0.0000000000000000e+00    0.0000000000000000e+00
   0.0000000000000000e+00    0.0000000000000000e+00    0.0000000000000000e+00
   0.0000000000000000e+00    0.0000000000000000e+00    0.0000000000000000e+00
   0.0000000000000000e+00    0.0000000000000000e+00    0.0000000000000000e+00
   0.0000000000000000e+00    0.0000000000000000e+00    0.0000000000000000e+00
   0.0000000000000000e+00    0.0000000000000000e+00    0.0000000000000000e+00
   0.0000000000000000e+00    0.0000000000000000e+00    0.0000000000000000e+00
   0.0000000000000000e+00    0.0000000000000000e+00    0.0000000000000000e+00
   0.0000000000000000e+00    0.0000000000000000e+00    0.0000000000000000e+00
   0.0000000000000000e+00    3.2183482443769829e-01   -1.2143064331837650e-17
   0.0000000000000000e+00    0.0000000000000000e+00    0.0000000000000000e+00
  -3.2183482443769829e-01    0.0000000000000000e+00   -9.0545573691447584e-02
   0.0000000000000000e+00    0.0000000000000000e+00    0.0000000000000000e+00
   1.2143064331837650e-17    9.0545573691447584e-02    0.0000000000000000e+00
   0.0000000000000000e+00    0.0000000000000000e+00    0.0000000000000000e+00
   0.0000000000000000e+00    0.0000000000000000e+00    0.0000000000000000e+00
   0.0000000000000000e+00    0.0000000000000000e+00    0.0000000000000000e+00
   0.0000000000000000e+00    0.0000000000000000e+00    0.0000000000000000e+00
   0.0000000000000000e+00    0.0000000000000000e+00    0.0000000000000000e+00
   0.0000000000000000e+00    0.0000000000000000e+00    0.0000000000000000e+00
   0.0000000000000000e+00    0.0000000000000000e+00    0.0000000000000000e+00
   0.0000000000000000e+00   -1.2143064331837650e-17    3.8232307866267989e-01
   0.0000000000000000e+00    0.0000000000000000e+00    0.0000000000000000e+00
   1.2143064331837650e-17    0.0000000000000000e+00   -8.2355997021998917e-16
   0.0000000000000000e+00    0.0000000000000000e+00    0.0000000000000000e+00
  -3.8232307866267989e-01    8.2355997021998917e-16    0.0000000000000000e+00
   0.0000000000000000e+00    0.0000000000000000e+00    0.0000000000000000e+00
   0.0000000000000000e+00    0.0000000000000000e+00    0.0000000000000000e+00
   0.0000000000000000e+00    0.0000000000000000e+00    0.0000000000000000e+00
   0.0000000000000000e+00    0.0000000000000000e+00    0.0000000000000000e+00
   0.0000000000000000e+00    0.0000000000000000e+00    0.0000000000000000e+00
   0.0000000000000000e+00    0.0000000000000000e+00    0.0000000000000000e+00
   0.0000000000000000e+00    0.0000000000000000e+00    0.0000000000000000e+00
   0.0000000000000000e+00    0.0000000000000000e+00    0.0000000000000000e+00
   3.7587672909755243e-01    1.4935969128160309e-15    4.0699800041377042e-02
   0.0000000000000000e+00    0.0000000000000000e+00    0.0000000000000000e+00
   1.4935969128160309e-15    4.6390262177877256e-02   -5.9002282226661151e-16
   0.0000000000000000e+00    0.0000000000000000e+00    0.0000000000000000e+00
   4.0699800041377042e-02   -5.9002282226661151e-16    5.0436854547611015e-02
  -3.7587672909755243e-01   -1.4935969128160309e-15   -4.0699800041377042e-02
   0.0000000000000000e+00    0.0000000000000000e+00    0.0000000000000000e+00
  -1.4935969128160309e-15   -4.6390262177877256e-02    5.9002282226661151e-16
   0.0000000000000000e+00    0.0000000000000000e+00    0.0000000000000000e+00
  -4.0699800041377042e-02    5.9002282226661151e-16   -5.0436854547611015e-02
   0.0000000000000000e+00    0.0000000000000000e+00    0.0000000000000000e+00
   0.0000000000000000e+00    0.0000000000000000e+00    0.0000000000000000e+00
   1.4935969128160309e-15    3.6822508661557551e-01   -5.9587751399803324e-16
   0.0000000000000000e+00    0.0000000000000000e+00    0.0000000000000000e+00
   4.6390262177877249e-02   -2.8796409701214998e-16   -1.3432481280126800e-02
   0.0000000000000000e+00    0.0000000000000000e+00    0.0000000000000000e+00
  -5.8373444966619559e-16    7.7113092411320777e-02    4.5276282722994665e-16
  -1.4935969128160309e-15   -4.6390262177877249e-02    5.8373444966619559e-16
   0.0000000000000000e+00    0.0000000000000000e+00    0.0000000000000000e+00
  -3.6822508661557551e-01    2.8796409701214998e-16   -7.7113092411320777e-02
   0.0000000000000000e+00    0.0000000000000000e+00    0.0000000000000000e+00
   5.9587751399803324e-16    1.3432481280126800e-02   -4.5276282722994665e-16
   0.0000000000000000e+00    0.0000000000000000e+00    0.0000000000000000e+00
   0.0000000000000000e+00    0.0000000000000000e+00    0.0000000000000000e+00
   4.0699800041377042e-02   -5.9587751399803324e-16    4.3275993321029088e-01
   0.0000000000000000e+00    0.0000000000000000e+00    0.0000000000000000e+00
  -5.8373444966619559e-16   -1.3432481280126800e-02   -3.5410042953376575e-16
   0.0000000000000000e+00    0.0000000000000000e+00    0.0000000000000000e+00
   5.0436854547610974e-02    4.6945954068622342e-16    1.5934895162042945e-01
  -4.0699800041377042e-02    5.8373444966619559e-16   -5.0436854547610974e-02
   0.0000000000000000e+00    0.0000000000000000e+00    0.0000000000000000e+00
   5.9587751399803324e-16    1.3432481280126800e-02   -4.6945954068622342e-16
   0.0000000000000000e+00    0.0000000000000000e+00    0.0000000000000000e+00
  -4.3275993321029088e-01    3.5410042953376575e-16   -1.5934895162042945e-01
   0.0000000000000000e+00    0.0000000000000000e+00    0.0000000000000000e+00
   0.0000000000000000e+00   -3.2183482443769829e-01    1.2143064331837650e-17
   0.0000000000000000e+00    0.0000000000000000e+00    0.0000000000000000e+00
   3.2183482443769829e-01    0.0000000000000000e+00    9.0545573691447584e-02
   0.0000000000000000e+00    0.0000000000000000e+00    0.0000000000000000e+00
  -1.2143064331837650e-17   -9.0545573691447584e-02    0.0000000000000000e+00
   0.0000000000000000e+00    0.0000000000000000e+00    0.0000000000000000e+00
   0.0000000000000000e+00    0.0000000000000000e+00    0.0000000000000000e+00
   0.0000000000000000e+00    0.0000000000000000e+00    0.0000000000000000e+00
   0.0000000000000000e+00    0.0000000000000000e+00    0.0000000000000000e+00
   0.0000000000000000e+00    0.0000000000000000e+00    0.0000000000000000e+00
   0.0000000000000000e+00    0.0000000000000000e+00    0.0000000000000000e+00
   0.0000000000000000e+00    0.0000000000000000e+00    0.0000000000000000e+00
   0.0000000000000000e+00    0.0000000000000000e+00    0.0000000000000000e+00
   0.0000000000000000e+00    0.0000000000000000e+00    0.0000000000000000e+00
   0.0000000000000000e+00    0.0000000000000000e+00    0.0000000000000000e+00
   0.0000000000000000e+00    0.0000000000000000e+00    0.0000000000000000e+00
   0.0000000000000000e+00    0.0000000000000000e+00    0.0000000000000000e+00
   0.0000000000000000e+00    0.0000000000000000e+00    0.0000000000000000e+00
   0.0000000000000000e+00    0.0000000000000000e+00    0.0000000000000000e+00
   0.0000000000000000e+00    0.0000000000000000e+00    0.0000000000000000e+00
   0.0000000000000000e+00    0.0000000000000000e+00    0.0000000000000000e+00
   0.0000000000000000e+00    0.0000000000000000e+00    0.0000000000000000e+00
   0.0000000000000000e+00    0.0000000000000000e+00    0.0000000000000000e+00
   0.0000000000000000e+00    0.0000000000000000e+00    0.0000000000000000e+00
   0.0000000000000000e+00   -9.0545573691447584e-02   -8.2355997021998917e-16
   0.0000000000000000e+00    0.0000000000000000e+00    0.0000000000000000e+00
   9.0545573691447584e-02    0.0000000000000000e+00    4.7890239193356865e-01
   0.0000000000000000e+00    0.0000000000000000e+00    0.0000000000000000e+00
   8.2355997021998917e-16   -4.7890239193356865e-01    0.0000000000000000e+00
   0.0000000000000000e+00    0.0000000000000000e+00    0.0000000000000000e+00
   0.0000000000000000e+00    0.0000000000000000e+00    0.0000000000000000e+00
   0.0000000000000000e+00    0.0000000000000000e+00    0.0000000000000000e+00
   0.0000000000000000e+00    0.0000000000000000e+00    0.0000000000000000e+00
   0.0000000000000000e+00    0.0000000000000000e+00    0.0000000000000000e+00
   0.0000000000000000e+00    0.0000000000000000e+00    0.0000000000000000e+00
   0.0000000000000000e+00    0.0000000000000000e+00    0.0000000000000000e+00
   0.0000000000000000e+00    0.0000000000000000e+00    0.0000000000000000e+00
   1.4935969128160309e-15    4.6390262177877256e-02   -5.8373444966619559e-16
   0.0000000000000000e+00    0.0000000000000000e+00    0.0000000000000000e+00
   3.6822508661557551e-01   -2.8796409701214998e-16    7.7113092411320777e-02
   0.0000000000000000e+00    0.0000000000000000e+00    0.0000000000000000e+00
  -5.9587751399803324e-16   -1.3432481280126798e-02    4.5276282722994665e-16
  -1.4935969128160309e-15   -3.6822508661557551e-01    5.9587751399803324e-16
   0.0000000000000000e+00    0.0000000000000000e+00    0.0000000000000000e+00
  -4.6390262177877256e-02    2.8796409701214998e-16    1.3432481280126798e-02
   0.0000000000000000e+00    0.0000000000000000e+00    0.0000000000000000e+00
   5.8373444966619559e-16   -7.7113092411320777e-02   -4.5276282722994665e-16
   0.0000000000000000e+00    0.0000000000000000e+00    0.0000000000000000e+00
   0.0000000000000000e+00    0.0000000000000000e+00    0.0000000000000000e+00
   4.6390262177877249e-02   -2.8796409701214998e-16   -1.3432481280126800e-02
   0.0000000000000000e+00    0.0000000000000000e+00    0.0000000000000000e+00
  -2.8796409701214998e-16    4.5150810744722825e-01    1.6089560239684886e-16
   0.0000000000000000e+00    0.0000000000000000e+00    0.0000000000000000e+00
  -1.3432481280126800e-02    1.6089560239684886e-16    8.4877903452956566e-02
  -4.6390262177877249e-02    2.8796409701214998e-16    1.3432481280126800e-02
   0.0000000000000000e+00    0.0000000000000000e+00    0.0000000000000000e+00
   2.8796409701214998e-16   -4.5150810744722825e-01   -1.6089560239684886e-16
   0.0000000000000000e+00    0.0000000000000000e+00    0.0000000000000000e+00
   1.3432481280126800e-02   -1.6089560239684886e-16   -8.4877903452956566e-02
   0.0000000000000000e+00    0.0000000000000000e+00    0.0000000000000000e+00
   0.0000000000000000e+00    0.0000000000000000e+00    0.0000000000000000e+00
  -5.9002282226661151e-16   -1.3432481280126798e-02   -3.5410042953376575e-16
   0.0000000000000000e+00    0.0000000000000000e+00    0.0000000000000000e+00
   7.7113092411320777e-02    1.6089560239684886e-16    5.6378029538652519e-01
   0.0000000000000000e+00    0.0000000000000000e+00    0.0000000000000000e+00
   4.6945954068622342e-16    8.4877903452956538e-02    5.0567189324723927e-16
   5.9002282226661151e-16   -7.7113092411320777e-02   -4.6945954068622342e-16
   0.0000000000000000e+00    0.0000000000000000e+00    0.0000000000000000e+00
   1.3432481280126798e-02   -1.6089560239684886e-16   -8.4877903452956538e-02
   0.0000000000000000e+00    0.0000000000000000e+00    0.0000000000000000e+00
   3.5410042953376575e-16   -5.6378029538652519e-01   -5.0567189324723927e-16
   0.0000000000000000e+00    0.0000000000000000e+00    0.0000000000000000e+00
   0.0000000000000000e+00    1.2143064331837650e-17   -3.8232307866267989e-01
   0.0000000000000000e+00    0.0000000000000000e+00    0.0000000000000000e+00
  -1.2143064331837650e-17    0.0000000000000000e+00    8.2355997021998917e-16
   0.0000000000000000e+00    0.0000000000000000e+00    0.0000000000000000e+00
   3.8232307866267989e-01   -8.2355997021998917e-16    0.0000000000000000e+00
   0.0000000000000000e+00    0.0000000000000000e+00    0.0000000000000000e+00
   0.0000000000000000e+00    0.0000000000000000e+00    0.0000000000000000e+00
   0.0000000000000000e+00    0.0000000000000000e+00    0.0000000000000000e+00
   0.0000000000000000e+00    0.0000000000000000e+00    0.0000000000000000e+00
   0.0000000000000000e+00    0.0000000000000000e+00    0.0000000000000000e+00
   0.0000000000000000e+00    0.0000000000000000e+00    0.0000000000000000e+00
   0.0000000000000000e+00    0.0000000000000000e+00    0.0000000000000000e+00
   0.0000000000000000e+00    9.0545573691447584e-02    8.2355997021998917e-16
   0.0000000000000000e+00    0.0000000000000000e+00    0.0000000000000000e+00
  -9.0545573691447584e-02    0.0000000000000000e+00   -4.7890239193356859e-01
   0.0000000000000000e+00    0.0000000000000000e+00    0.0000000000000000e+00
  -8.2355997021998917e-16    4.7890239193356859e-01    0.0000000000000000e+00
   0.0000000000000000e+00    0.0000000000000000e+00    0.0000000000000000e+00
   0.0000000000000000e+00    0.0000000000000000e+00    0.0000000000000000e+00
   0.0000000000000000e+00    0.0000000000000000e+00    0.0000000000000000e+00
   0.0000000000000000e+00    0.0000000000000000e+00    0.0000000000000000e+00
   0.0000000000000000e+00    0.0000000000000000e+00    0.0000000000000000e+00
   0.0000000000000000e+00    0.0000000000000000e+00    0.0000000000000000e+00
   0.0000000000000000e+00    0.0000000000000000e+00    0.0000000000000000e+00
   0.0000000000000000e+00    0.0000000000000000e+00    0.0000000000000000e+00
   0.0000000000000000e+00    0.0000000000000000e+00    0.0000000000000000e+00
   0.0000000000000000e+00    0.0000000000000000e+00    0.0000000000000000e+00
   0.0000000000000000e+00    0.0000000000000000e+00    0.0000000000000000e+00
   0.0000000000000000e+00    0.0000000000000000e+00    0.0000000000000000e+00
   0.0000000000000000e+00    0.0000000000000000e+00    0.0000000000000000e+00
   0.0000000000000000e+00    0.0000000000000000e+00    0.0000000000000000e+00
   0.0000000000000000e+00    0.0000000000000000e+00    0.0000000000000000e+00
   0.0000000000000000e+00    0.0000000000000000e+00    0.0000000000000000e+00
   0.0000000000000000e+00    0.0000000000000000e+00    0.0000000000000000e+00
   0.0000000000000000e+00    0.0000000000000000e+00    0.0000000000000000e+00
   0.0000000000000000e+00    0.0000000000000000e+00    0.0000000000000000e+00
   0.0000000000000000e+00    0.0000000000000000e+00    0.0000000000000000e+00
   4.0699800041377042e-02   -5.8373444966619559e-16    5.0436854547610974e-02
   0.0000000000000000e+00    0.0000000000000000e+00    0.0000000000000000e+00
  -5.9587751399803324e-16   -1.3432481280126800e-02    4.6945954068622342e-16
   0.0000000000000000e+00    0.0000000000000000e+00    0.0000000000000000e+00
   4.3275993321029094e-01   -3.5410042953376575e-16    1.5934895162042942e-01
  -4.0699800041377042e-02    5.9587751399803324e-16   -4.3275993321029094e-01
   0.0000000000000000e+00    0.0000000000000000e+00    0.0000000000000000e+00
   5.8373444966619559e-16    1.3432481280126800e-02    3.5410042953376575e-16
   0.0000000000000000e+00    0.0000000000000000e+00    0.0000000000000000e+00
  -5.0436854547610974e-02   -4.6945954068622342e-16   -1.5934895162042942e-01
   0.0000000000000000e+00    0.0000000000000000e+00    0.0000000000000000e+00
   0.0000000000000000e+00    0.0000000000000000e+00    0.0000000000000000e+00
  -5.9002282226661151e-16    7.7113092411320777e-02    4.6945954068622342e-16
   0.0000000000000000e+00    0.0000000000000000e+00    0.0000000000000000e+00
  -1.3432481280126800e-02    1.6089560239684886e-16    8.4877903452956538e-02
   0.0000000000000000e+00    0.0000000000000000e+00    0.0000000000000000e+00
  -3.5410042953376575e-16    5.6378029538652519e-01    5.0567189324723927e-16
   5.9002282226661151e-16    1.3432481280126800e-02    3.5410042953376575e-16
   0.0000000000000000e+00    0.0000000000000000e+00    0.0000000000000000e+00
  -7.7113092411320777e-02   -1.6089560239684886e-16   -5.6378029538652519e-01
   0.0000000000000000e+00    0.0000000000000000e+00    0.0000000000000000e+00
  -4.6945954068622342e-16   -8.4877903452956538e-02   -5.0567189324723927e-16
   0.0000000000000000e+00    0.0000000000000000e+00    0.0000000000000000e+00
   0.0000000000000000e+00    0.0000000000000000e+00    0.0000000000000000e+00
   5.0436854547611015e-02    4.5276282722994665e-16    1.5934895162042945e-01
   0.0000000000000000e+00    0.0000000000000000e+00    0.0000000000000000e+00
   4.5276282722994665e-16    8.4877903452956566e-02    5.0567189324723927e-16
   0.0000000000000000e+00    0.0000000000000000e+00    0.0000000000000000e+00
   1.5934895162042942e-01    5.0567189324723927e-16    8.5348685544668679e-01
  -5.0436854547611015e-02   -4.5276282722994665e-16   -1.5934895162042942e-01
   0.0000000000000000e+00    0.0000000000000000e+00    0.0000000000000000e+00
  -4.5276282722994665e-16   -8.4877903452956566e-02   -5.0567189324723927e-16
   0.0000000000000000e+00    0.0000000000000000e+00    0.0000000000000000e+00
  -1.5934895162042945e-01   -5.0567189324723927e-16   -8.5348685544668679e-01
   0.0000000000000000e+00    0.0000000000000000e+00    0.0000000000000000e+00
   0.0000000000000000e+00    0.0000000000000000e+00    0.0000000000000000e+00
  -3.7587672909755243e-01   -1.4935969128160309e-15   -4.0699800041377042e-02
   0.0000000000000000e+00    0.0000000000000000e+00    0.0000000000000000e+00
  -1.4935969128160309e-15   -4.6390262177877256e-02    5.9002282226661151e-16
   0.0000000000000000e+00    0.0000000000000000e+00    0.0000000000000000e+00
  -4.0699800041377042e-02    5.9002282226661151e-16   -5.0436854547611015e-02
   3.7587672909755243e-01    1.4935969128160309e-15    4.0699800041377042e-02
   0.0000000000000000e+00    0.0000000000000000e+00    0.0000000000000000e+00
   1.4935969128160309e-15    4.6390262177877256e-02   -5.9002282226661151e-16
   0.0000000000000000e+00    0.0000000000000000e+00    0.0000000000000000e+00
   4.0699800041377042e-02   -5.9002282226661151e-16    5.0436854547611015e-02
   0.0000000000000000e+00    0.0000000000000000e+00    0.0000000000000000e+00
   0.0000000000000000e+00    0.0000000000000000e+00    0.0000000000000000e+00
  -1.4935969128160309e-15   -4.6390262177877256e-02    5.8373444966619559e-16
   0.0000000000000000e+00    0.0000000000000000e+00    0.0000000000000000e+00
  -3.6822508661557551e-01    2.8796409701214998e-16   -7.7113092411320777e-02
   0.0000000000000000e+00    0.0000000000000000e+00    0.0000000000000000e+00
   5.9587751399803324e-16    1.3432481280126798e-02   -4.5276282722994665e-16
   1.4935969128160309e-15    3.6822508661557551e-01   -5.9587751399803324e-16
   0.0000000000000000e+00    0.0000000000000000e+00    0.0000000000000000e+00
   4.6390262177877256e-02   -2.8796409701214998e-16   -1.3432481280126798e-02
   0.0000000000000000e+00    0.0000000000000000e+00    0.0000000000000000e+00
  -5.8373444966619559e-16    7.7113092411320777e-02    4.5276282722994665e-16
   0.0000000000000000e+00    0.0000000000000000e+00    0.0000000000000000e+00
   0.0000000000000000e+00    0.0000000000000000e+00    0.0000000000000000e+00
  -4.0699800041377042e-02    5.8373444966619559e-16   -5.0436854547610974e-02
   0.0000000000000000e+00    0.0000000000000000e+00    0.0000000000000000e+00
   5.9587751399803324e-16    1.3432481280126800e-02   -4.6945954068622342e-16
   0.0000000000000000e+00    0.0000000000000000e+00    0.0000000000000000e+00
  -4.3275993321029094e-01    3.5410042953376575e-16   -1.5934895162042942e-01
   4.0699800041377042e-02   -5.9587751399803324e-16    4.3275993321029094e-01
   0.0000000000000000e+00    0.0000000000000000e+00    0.0000000000000000e+00
  -5.8373444966619559e-16   -1.3432481280126800e-02   -3.5410042953376575e-16
   0.0000000000000000e+00    0.0000000000000000e+00    0.0000000000000000e+00
   5.0436854547610974e-02    4.6945954068622342e-16    1.5934895162042942e-01
   0.0000000000000000e+00    0.0000000000000000e+00    0.0000000000000000e+00
   0.0000000000000000e+00    0.0000000000000000e+00    0.0000000000000000e+00
   0.0000000000000000e+00    0.0000000000000000e+00    0.0000000000000000e+00
   0.0000000000000000e+00    0.0000000000000000e+00    0.0000000000000000e+00
   0.0000000000000000e+00    0.0000000000000000e+00    0.0000000000000000e+00
   0.0000000000000000e+00    0.0000000000000000e+00    0.0000000000000000e+00
   0.0000000000000000e+00    0.0000000000000000e+00    0.0000000000000000e+00
   0.0000000000000000e+00    0.0000000000000000e+00    0.0000000000000000e+00
   0.0000000000000000e+00    0.0000000000000000e+00    0.0000000000000000e+00
   0.0000000000000000e+00    0.0000000000000000e+00    0.0000000000000000e+00
   0.0000000000000000e+00    0.0000000000000000e+00    0.0000000000000000e+00
   0.0000000000000000e+00    0.0000000000000000e+00    0.0000000000000000e+00
   0.0000000000000000e+00    0.0000000000000000e+00    0.0000000000000000e+00
   0.0000000000000000e+00    0.0000000000000000e+00    0.0000000000000000e+00
   0.0000000000000000e+00    0.0000000000000000e+00    0.0000000000000000e+00
   0.0000000000000000e+00    0.0000000000000000e+00    0.0000000000000000e+00
   0.0000000000000000e+00    0.0000000000000000e+00    0.0000000000000000e+00
   0.0000000000000000e+00    0.0000000000000000e+00    0.0000000000000000e+00
   0.0000000000000000e+00    0.0000000000000000e+00    0.0000000000000000e+00
   0.0000000000000000e+00    0.0000000000000000e+00    0.0000000000000000e+00
   0.0000000000000000e+00    3.2183482443769829e-01   -1.2143064331837650e-17
   0.0000000000000000e+00    0.0000000000000000e+00    0.0000000000000000e+00
  -3.2183482443769829e-01    0.0000000000000000e+00   -9.0545573691447584e-02
   0.0000000000000000e+00    0.0000000000000000e+00    0.0000000000000000e+00
   1.2143064331837650e-17    9.0545573691447584e-02    0.0000000000000000e+00
   0.0000000000000000e+00    0.0000000000000000e+00    0.0000000000000000e+00
   0.0000000000000000e+00    0.0000000000000000e+00    0.0000000000000000e+00
   0.0000000000000000e+00    0.0000000000000000e+00    0.0000000000000000e+00
   0.0000000000000000e+00    0.0000000000000000e+00    0.0000000000000000e+00
   0.0000000000000000e+00    0.0000000000000000e+00    0.0000000000000000e+00
   0.0000000000000000e+00    0.0000000000000000e+00    0.0000000000000000e+00
   0.0000000000000000e+00    0.0000000000000000e+00    0.0000000000000000e+00
   0.0000000000000000e+00   -1.2143064331837650e-17    3.8232307866267989e-01
   0.0000000000000000e+00    0.0000000000000000e+00    0.0000000000000000e+00
   1.2143064331837650e-17    0.0000000000000000e+00   -8.2355997021998917e-16
   0.0000000000000000e+00    0.0000000000000000e+00    0.0000000000000000e+00
  -3.8232307866267989e-01    8.2355997021998917e-16    0.0000000000000000e+00
   0.0000000000000000e+00    0.0000000000000000e+00    0.0000000000000000e+00
  -1.4935969128160309e-15   -3.6822508661557551e-01    5.9587751399803324e-16
   0.0000000000000000e+00    0.0000000000000000e+00    0.0000000000000000e+00
  -4.6390262177877249e-02    2.8796409701214998e-16    1.3432481280126800e-02
   0.0000000000000000e+00    0.0000000000000000e+00    0.0000000000000000e+00
   5.8373444966619559e-16   -7.7113092411320777e-02   -4.5276282722994665e-16
   1.4935969128160309e-15    4.6390262177877249e-02   -5.8373444966619559e-16
   0.0000000000000000e+00    0.0000000000000000e+00    0.0000000000000000e+00
   3.6822508661557551e-01   -2.8796409701214998e-16    7.7113092411320777e-02
   0.0000000000000000e+00    0.0000000000000000e+00    0.0000000000000000e+00
  -5.9587751399803324e-16   -1.3432481280126800e-02    4.5276282722994665e-16
   0.0000000000000000e+00    0.0000000000000000e+00    0.0000000000000000e+00
   0.0000000000000000e+00    0.0000000000000000e+00    0.0000000000000000e+00
  -4.6390262177877249e-02    2.8796409701214998e-16    1.3432481280126800e-02
   0.0000000000000000e+00    0.0000000000000000e+00    0.0000000000000000e+00
   2.8796409701214998e-16   -4.5150810744722825e-01   -1.6089560239684886e-16
   0.0000000000000000e+00    0.0000000000000000e+00    0.0000000000000000e+00
   1.3432481280126800e-02   -1.6089560239684886e-16   -8.4877903452956566e-02
   4.6390262177877249e-02   -2.8796409701214998e-16   -1.3432481280126800e-02
   0.0000000000000000e+00    0.0000000000000000e+00    0.0000000000000000e+00
  -2.8796409701214998e-16    4.5150810744722825e-01    1.6089560239684886e-16
   0.0000000000000000e+00    0.0000000000000000e+00    0.0000000000000000e+00
  -1.3432481280126800e-02    1.6089560239684886e-16    8.4877903452956566e-02
   0.0000000000000000e+00    0.0000000000000000e+00    0.0000000000000000e+00
   0.0000000000000000e+00    0.0000000000000000e+00    0.0000000000000000e+00
   5.9002282226661151e-16   -7.7113092411320777e-02   -4.6945954068622342e-16
   0.0000000000000000e+00    0.0000000000000000e+00    0.0000000000000000e+00
   1.3432481280126800e-02   -1.6089560239684886e-16   -8.4877903452956538e-02
   0.0000000000000000e+00    0.0000000000000000e+00    0.0000000000000000e+00
   3.5410042953376575e-16   -5.6378029538652519e-01   -5.0567189324723927e-16
  -5.9002282226661151e-16   -1.3432481280126800e-02   -3.5410042953376575e-16
   0.0000000000000000e+00    0.0000000000000000e+00    0.0000000000000000e+00
   7.7113092411320777e-02    1.6089560239684886e-16    5.6378029538652519e-01
   0.0000000000000000e+00    0.0000000000000000e+00    0.0000000000000000e+00
   4.6945954068622342e-16    8.4877903452956538e-02    5.0567189324723927e-16
   0.0000000000000000e+00    0.0000000000000000e+00    0.0000000000000000e+00
   0.0000000000000000e+00    0.0000000000000000e+00    0.0000000000000000e+00
   0.0000000000000000e+00    0.0000000000000000e+00    0.0000000000000000e+00
   0.0000000000000000e+00    0.0000000000000000e+00    0.0000000000000000e+00
   0.0000000000000000e+00    0.0000000000000000e+00    0.0000000000000000e+00
   0.0000000000000000e+00    0.0000000000000000e+00    0.0000000000000000e+00
   0.0000000000000000e+00    0.0000000000000000e+00    0.0000000000000000e+00
   0.0000000000000000e+00    0.0000000000000000e+00    0.0000000000000000e+00
   0.0000000000000000e+00   -3.2183482443769829e-01    1.2143064331837650e-17
   0.0000000000000000e+00    0.0000000000000000e+00    0.0000000000000000e+00
   3.2183482443769829e-01    0.0000000000000000e+00    9.0545573691447584e-02
   0.0000000000000000e+00    0.0000000000000000e+00    0.0000000000000000e+00
  -1.2143064331837650e-17   -9.0545573691447584e-02    0.0000000000000000e+00
   0.0000000000000000e+00    0.0000000000000000e+00    0.0000000000000000e+00
   0.0000000000000000e+00    0.0000000000000000e+00    0.0000000000000000e+00
   0.0000000000000000e+00    0.0000000000000000e+00    0.0000000000000000e+00
   0.0000000000000000e+00    0.0000000000000000e+00    0.0000000000000000e+00
   0.0000000000000000e+00    0.0000000000000000e+00    0.0000000000000000e+00
   0.0000000000000000e+00    0.0000000000000000e+00    0.0000000000000000e+00
   0.0000000000000000e+00    0.0000000000000000e+00    0.0000000000000000e+00
   0.0000000000000000e+00    0.0000000000000000e+00    0.0000000000000000e+00
   0.0000000000000000e+00    0.0000000000000000e+00    0.0000000000000000e+00
   0.0000000000000000e+00    0.0000000000000000e+00    0.0000000000000000e+00
   0.0000000000000000e+00    0.0000000000000000e+00    0.0000000000000000e+00
   0.0000000000000000e+00    0.0000000000000000e+00    0.0000000000000000e+00
   0.0000000000000000e+00    0.0000000000000000e+00    0.0000000000000000e+00
   0.0000000000000000e+00    0.0000000000000000e+00    0.0000000000000000e+00
   0.0000000000000000e+00    0.0000000000000000e+00    0.0000000000000000e+00
   0.0000000000000000e+00    0.0000000000000000e+00    0.0000000000000000e+00
   0.0000000000000000e+00    0.0000000000000000e+00    0.0000000000000000e+00
   0.0000000000000000e+00    0.0000000000000000e+00    0.0000000000000000e+00
   0.0000000000000000e+00    0.0000000000000000e+00    0.0000000000000000e+00
   0.0000000000000000e+00   -9.0545573691447584e-02   -8.2355997021998917e-16
   0.0000000000000000e+00    0.0000000000000000e+00    0.0000000000000000e+00
   9.0545573691447584e-02    0.0000000000000000e+00    4.7890239193356865e-01
   0.0000000000000000e+00    0.0000000000000000e+00    0.0000000000000000e+00
   8.2355997021998917e-16   -4.7890239193356865e-01    0.0000000000000000e+00
   0.0000000000000000e+00    0.0000000000000000e+00    0.0000000000000000e+00
  -4.0699800041377042e-02    5.9587751399803324e-16   -4.3275993321029088e-01
   0.0000000000000000e+00    0.0000000000000000e+00    0.0000000000000000e+00
   5.8373444966619559e-16    1.3432481280126800e-02    3.5410042953376575e-16
   0.0000000000000000e+00    0.0000000000000000e+00    0.0000000000000000e+00
  -5.0436854547610974e-02   -4.6945954068622342e-16   -1.5934895162042945e-01
   4.0699800041377042e-02   -5.8373444966619559e-16    5.0436854547610974e-02
   0.0000000000000000e+00    0.0000000000000000e+00    0.0000000000000000e+00
  -5.9587751399803324e-16   -1.3432481280126800e-02    4.6945954068622342e-16
   0.0000000000000000e+00    0.0000000000000000e+00    0.0000000000000000e+00
   4.3275993321029088e-01   -3.5410042953376575e-16    1.5934895162042945e-01
   0.0000000000000000e+00    0.0000000000000000e+00    0.0000000000000000e+00
   0.0000000000000000e+00    0.0000000000000000e+00    0.0000000000000000e+00
   5.9002282226661151e-16    1.3432481280126798e-02    3.5410042953376575e-16
   0.0000000000000000e+00    0.0000000000000000e+00    0.0000000000000000e+00
  -7.7113092411320777e-02   -1.6089560239684886e-16   -5.6378029538652519e-01
   0.0000000000000000e+00    0.0000000000000000e+00    0.0000000000000000e+00
  -4.6945954068622342e-16   -8.4877903452956538e-02   -5.0567189324723927e-16
  -5.9002282226661151e-16    7.7113092411320777e-02    4.6945954068622342e-16
   0.0000000000000000e+00    0.0000000000000000e+00    0.0000000000000000e+00
  -1.3432481280126798e-02    1.6089560239684886e-16    8.4877903452956538e-02
   0.0000000000000000e+00    0.0000000000000000e+00    0.0000000000000000e+00
  -3.5410042953376575e-16    5.6378029538652519e-01    5.0567189324723927e-16
   0.0000000000000000e+00    0.0000000000000000e+00    0.0000000000000000e+00
   0.0000000000000000e+00    0.0000000000000000e+00    0.0000000000000000e+00
  -5.0436854547611015e-02   -4.5276282722994665e-16   -1.5934895162042945e-01
   0.0000000000000000e+00    0.0000000000000000e+00    0.0000000000000000e+00
  -4.5276282722994665e-16   -8.4877903452956566e-02   -5.0567189324723927e-16
   0.0000000000000000e+00    0.0000000000000000e+00    0.0000000000000000e+00
  -1.5934895162042942e-01   -5.0567189324723927e-16   -8.5348685544668679e-01
   5.0436854547611015e-02    4.5276282722994665e-16    1.5934895162042942e-01
   0.0000000000000000e+00    0.0000000000000000e+00    0.0000000000000000e+00
   4.5276282722994665e-16    8.4877903452956566e-02    5.0567189324723927e-16
   0.0000000000000000e+00    0.0000000000000000e+00    0.0000000000000000e+00
   1.5934895162042945e-01    5.0567189324723927e-16    8.5348685544668679e-01
   0.0000000000000000e+00    0.0000000000000000e+00    0.0000000000000000e+00
   0.0000000000000000e+00    0.0000000000000000e+00    0.0000000000000000e+00
   0.0000000000000000e+00    0.0000000000000000e+00    0.0000000000000000e+00
   0.0000000000000000e+00    0.0000000000000000e+00    0.0000000000000000e+00
   0.0000000000000000e+00    0.0000000000000000e+00    0.0000000000000000e+00
   0.0000000000000000e+00    0.0000000000000000e+00    0.0000000000000000e+00
   0.0000000000000000e+00    0.0000000000000000e+00    0.0000000000000000e+00
   0.0000000000000000e+00    0.0000000000000000e+00    0.0000000000000000e+00
   0.0000000000000000e+00    1.2143064331837650e-17   -3.8232307866267989e-01
   0.0000000000000000e+00    0.0000000000000000e+00    0.0000000000000000e+00
  -1.2143064331837650e-17    0.0000000000000000e+00    8.2355997021998917e-16
   0.0000000000000000e+00    0.0000000000000000e+00    0.0000000000000000e+00
   3.8232307866267989e-01   -8.2355997021998917e-16    0.0000000000000000e+00
   0.0000000000000000e+00    0.0000000000000000e+00    0.0000000000000000e+00
   0.0000000000000000e+00    0.0000000000000000e+00    0.0000000000000000e+00
   0.0000000000000000e+00    0.0000000000000000e+00    0.0000000000000000e+00
   0.0000000000000000e+00    0.0000000000000000e+00    0.0000000000000000e+00
   0.0000000000000000e+00    0.0000000000000000e+00    0.0000000000000000e+00
   0.0000000000000000e+00    0.0000000000000000e+00    0.0000000000000000e+00
   0.0000000000000000e+00    0.0000000000000000e+00    0.0000000000000000e+00
   0.0000000000000000e+00    9.0545573691447584e-02    8.2355997021998917e-16
   0.0000000000000000e+00    0.0000000000000000e+00    0.0000000000000000e+00
  -9.0545573691447584e-02    0.0000000000000000e+00   -4.7890239193356859e-01
   0.0000000000000000e+00    0.0000000000000000e+00    0.0000000000000000e+00
  -8.2355997021998917e-16    4.7890239193356859e-01    0.0000000000000000e+00
   0.0000000000000000e+00    0.0000000000000000e+00    0.0000000000000000e+00
   0.0000000000000000e+00    0.0000000000000000e+00    0.0000000000000000e+00
   0.0000000000000000e+00    0.0000000000000000e+00    0.0000000000000000e+00
   0.0000000000000000e+00    0.0000000000000000e+00    0.0000000000000000e+00
   0.0000000000000000e+00    0.0000000000000000e+00    0.0000000000000000e+00
   0.0000000000000000e+00    0.0000000000000000e+00    0.0000000000000000e+00
   0.0000000000000000e+00    0.0000000000000000e+00    0.0000000000000000e+00
   0.0000000000000000e+00    0.0000000000000000e+00    0.0000000000000000e+00
   0.0000000000000000e+00    0.0000000000000000e+00    0.0000000000000000e+00
   0.0000000000000000e+00    0.0000000000000000e+00    0.0000000000000000e+00
   0.0000000000000000e+00    0.0000000000000000e+00    0.0000000000000000e+00
   0.0000000000000000e+00    0.0000000000000000e+00    0.0000000000000000e+00

