i1_ovov matrix:
4 2 6 2 6
   3.7000081409395036e-01   -4.5486763197958409e-16    7.2929978813896845e-02
   0.0000000000000000e+00    0.0000000000000000e+00    0.0000000000000000e+00
   0.0000000000000000e+00    0.0000000000000000e+00    0.0000000000000000e+00
   0.0000000000000000e+00    0.0000000000000000e+00    0.0000000000000000e+00
  -4.2810243912286590e-16    4.3716095180244513e-01    2.0590368362669523e-16
   0.0000000000000000e+00    0.0000000000000000e+00    0.0000000000000000e+00
   0.0000000000000000e+00    0.0000000000000000e+00    0.0000000000000000e+00
   0.0000000000000000e+00    0.0000000000000000e+00    0.0000000000000000e+00
   7.7102524890465096e-02    1.8450886788160700e-16    5.8103621406317107e-01
   0.0000000000000000e+00    0.0000000000000000e+00    0.0000000000000000e+00
   0.0000000000000000e+00    0.0000000000000000e+00    0.0000000000000000e+00
   0.0000000000000000e+00    0.0000000000000000e+00    0.0000000000000000e+00
   0.0000000000000000e+00    0.0000000000000000e+00    0.0000000000000000e+00
   4.3483047281422299e-01   -4.9058060308091694e-16    1.4807414186176013e-01
  -6.4829658720272645e-02    3.5712971101332815e-17   -7.5144163047863283e-02
   0.0000000000000000e+00    0.0000000000000000e+00    0.0000000000000000e+00
   0.0000000000000000e+00    0.0000000000000000e+00    0.0000000000000000e+00
  -4.2349745051766132e-16    5.5240032053052868e-01    3.1862017516692519e-16
  -4.6049886052045734e-18   -1.1523936872808356e-01   -1.1271649154022996e-16
   0.0000000000000000e+00    0.0000000000000000e+00    0.0000000000000000e+00
   0.0000000000000000e+00    0.0000000000000000e+00    0.0000000000000000e+00
   1.5213439703027776e-01    3.1636121064957174e-16    7.3332360083334336e-01
  -7.5031872139812689e-02   -1.3185234276796472e-16   -1.5228738677017228e-01
   0.0000000000000000e+00    0.0000000000000000e+00    0.0000000000000000e+00
   0.0000000000000000e+00    0.0000000000000000e+00    0.0000000000000000e+00
  -6.4829658720272645e-02    3.5712971101332815e-17   -7.5144163047863283e-02
   4.3483047281422299e-01   -4.9058060308091694e-16    1.4807414186176013e-01
   0.0000000000000000e+00    0.0000000000000000e+00    0.0000000000000000e+00
   0.0000000000000000e+00    0.0000000000000000e+00    0.0000000000000000e+00
  -4.6049886052045734e-18   -1.1523936872808356e-01   -1.1271649154022996e-16
  -4.2349745051766132e-16    5.5240032053052868e-01    3.1862017516692519e-16
   0.0000000000000000e+00    0.0000000000000000e+00    0.0000000000000000e+00
   0.0000000000000000e+00    0.0000000000000000e+00    0.0000000000000000e+00
  -7.5031872139812689e-02   -1.3185234276796472e-16   -1.5228738677017228e-01
   1.5213439703027776e-01    3.1636121064957174e-16    7.3332360083334336e-01
   0.0000000000000000e+00    0.0000000000000000e+00    0.0000000000000000e+00
   0.0000000000000000e+00    0.0000000000000000e+00    0.0000000000000000e+00
   0.0000000000000000e+00    0.0000000000000000e+00    0.0000000000000000e+00
   0.0000000000000000e+00    0.0000000000000000e+00    0.0000000000000000e+00
   3.7000081409395036e-01   -4.5486763197958409e-16    7.2929978813896845e-02
   0.0000000000000000e+00    0.0000000000000000e+00    0.0000000000000000e+00
   0.0000000000000000e+00    0.0000000000000000e+00    0.0000000000000000e+00
   0.0000000000000000e+00    0.0000000000000000e+00    0.0000000000000000e+00
  -4.2810243912286590e-16    4.3716095180244513e-01    2.0590368362669523e-16
   0.0000000000000000e+00    0.0000000000000000e+00    0.0000000000000000e+00
   0.0000000000000000e+00    0.0000000000000000e+00    0.0000000000000000e+00
   0.0000000000000000e+00    0.0000000000000000e+00    0.0000000000000000e+00
   7.7102524890465096e-02    1.8450886788160700e-16    5.8103621406317107e-01

i2_ooov matrix:
4 2 2 2 6
   0.0000000000000000e+00    0.0000000000000000e+00    0.0000000000000000e+00
   0.0000000000000000e+00    0.0000000000000000e+00    0.0000000000000000e+00
   0.0000000000000000e+00    0.0000000000000000e+00    0.0000000000000000e+00
   0.0000000000000000e+00    0.0000000000000000e+00    0.0000000000000000e+00
   0.0000000000000000e+00    0.0000000000000000e+00    0.0000000000000000e+00
   4.0259417866644414e-16   -1.8328672769394513e-01   -9.2235307771907212e-16
  -4.0259417866644414e-16    1.8328672769394513e-01    9.2235307771907212e-16
   0.0000000000000000e+00    0.0000000000000000e+00    0.0000000000000000e+00
   0.0000000000000000e+00    0.0000000000000000e+00    0.0000000000000000e+00
  -4.0259417866644414e-16    1.8328672769394513e-01    9.2235307771907212e-16
   4.0259417866644414e-16   -1.8328672769394513e-01   -9.2235307771907212e-16
   0.0000000000000000e+00    0.0000000000000000e+00    0.0000000000000000e+00
   0.0000000000000000e+00    0.0000000000000000e+00    0.0000000000000000e+00
   0.0000000000000000e+00    0.0000000000000000e+00    0.0000000000000000e+00
   0.0000000000000000e+00    0.0000000000000000e+00    0.0000000000000000e+00
   0.0000000000000000e+00    0.0000000000000000e+00    0.0000000000000000e+00

i3_ovvv matrix:
4 2 6 6 6
   0.0000000000000000e+00    6.5505583138655843e-02    6.7189191143420524e-16
   0.0000000000000000e+00    0.0000000000000000e+00    0.0000000000000000e+00
  -6.5505583138655843e-02    0.0000000000000000e+00   -5.4577580471170339e-02
   0.0000000000000000e+00    0.0000000000000000e+00    0.0000000000000000e+00
  -6.7189191143420524e-16    5.4577580471170339e-02    0.0000000000000000e+00
   0.0000000000000000e+00    0.0000000000000000e+00    0.0000000000000000e+00
   0.0000000000000000e+00    0.0000000000000000e+00    0.0000000000000000e+00
   0.0000000000000000e+00    0.0000000000000000e+00    0.0000000000000000e+00
   0.0000000000000000e+00    0.0000000000000000e+00    0.0000000000000000e+00
   0.0000000000000000e+00    0.0000000000000000e+00    0.0000000000000000e+00
   0.0000000000000000e+00    0.0000000000000000e+00    0.0000000000000000e+00
   0.0000000000000000e+00    0.0000000000000000e+00    0.0000000000000000e+00
   0.0000000000000000e+00    2.0483957310849646e-16   -4.8473093562288481e-02
   0.0000000000000000e+00    0.0000000000000000e+00    0.0000000000000000e+00
  -2.0483957310849646e-16    0.0000000000000000e+00    7.2834927143256295e-16
   0.0000000000000000e+00    0.0000000000000000e+00    0.0000000000000000e+00
   4.8473093562288481e-02   -7.2834927143256295e-16    0.0000000000000000e+00
   0.0000000000000000e+00    0.0000000000000000e+00    0.0000000000000000e+00
   0.0000000000000000e+00    0.0000000000000000e+00    0.0000000000000000e+00
   0.0000000000000000e+00    0.0000000000000000e+00    0.0000000000000000e+00
   0.0000000000000000e+00    0.0000000000000000e+00    0.0000000000000000e+00
   0.0000000000000000e+00    0.0000000000000000e+00    0.0000000000000000e+00
   0.0000000000000000e+00    0.0000000000000000e+00    0.0000000000000000e+00
   0.0000000000000000e+00    0.0000000000000000e+00    0.0000000000000000e+00
   0.0000000000000000e+00    6.0962597345490099e-03    3.3672128192059354e-16
   0.0000000000000000e+00    0.0000000000000000e+00    0.0000000000000000e+00
  -6.0962597345490099e-03    0.0000000000000000e+00   -9.4860900991437125e-02
   0.0000000000000000e+00    0.0000000000000000e+00    0.0000000000000000e+00
  -3.3672128192059354e-16    9.4860900991437125e-02    0.0000000000000000e+00
   0.0000000000000000e+00    0.0000000000000000e+00    0.0000000000000000e+00
   0.0000000000000000e+00    0.0000000000000000e+00    0.0000000000000000e+00
   0.0000000000000000e+00    0.0000000000000000e+00    0.0000000000000000e+00
   0.0000000000000000e+00    0.0000000000000000e+00    0.0000000000000000e+00
   0.0000000000000000e+00    0.0000000000000000e+00    0.0000000000000000e+00
   0.0000000000000000e+00    0.0000000000000000e+00    0.0000000000000000e+00
   0.0000000000000000e+00    0.0000000000000000e+00    0.0000000000000000e+00
   0.0000000000000000e+00    0.0000000000000000e+00    0.0000000000000000e+00
   7.6133652964196058e-16    2.8617200403774818e-02   -1.0436864560543102e-16
   0.0000000000000000e+00    0.0000000000000000e+00    0.0000000000000000e+00
  -3.6888382734881028e-02   -1.1191943762061551e-16   -6.6663880393829991e-02
   0.0000000000000000e+00    0.0000000000000000e+00    0.0000000000000000e+00
  -7.7626055703963617e-16   -1.2086299922659648e-02   -3.9433990443719170e-16
  -7.6133652964196058e-16    3.6888382734881028e-02    7.7626055703963617e-16
   0.0000000000000000e+00    0.0000000000000000e+00    0.0000000000000000e+00
  -2.8617200403774818e-02    1.1191943762061551e-16    1.2086299922659648e-02
   0.0000000000000000e+00    0.0000000000000000e+00    0.0000000000000000e+00
   1.0436864560543102e-16    6.6663880393829991e-02    3.9433990443719170e-16
   0.0000000000000000e+00    0.0000000000000000e+00    0.0000000000000000e+00
   0.0000000000000000e+00    0.0000000000000000e+00    0.0000000000000000e+00
   2.8401881472503585e-02    4.4215307815500852e-17   -6.4405143877749704e-02
   0.0000000000000000e+00    0.0000000000000000e+00    0.0000000000000000e+00
  -1.6062426529299557e-16   -1.1311744315451379e-01    1.6197896466446685e-18
   0.0000000000000000e+00    0.0000000000000000e+00    0.0000000000000000e+00
  -1.5932050315461216e-02   -7.2672948178591835e-16   -1.2419255033718964e-01
  -2.8401881472503585e-02    1.6062426529299557e-16    1.5932050315461216e-02
   0.0000000000000000e+00    0.0000000000000000e+00    0.0000000000000000e+00
  -4.4215307815500852e-17    1.1311744315451379e-01    7.2672948178591835e-16
   0.0000000000000000e+00    0.0000000000000000e+00    0.0000000000000000e+00
   6.4405143877749704e-02   -1.6197896466446685e-18    1.2419255033718964e-01
   0.0000000000000000e+00    0.0000000000000000e+00    0.0000000000000000e+00
   0.0000000000000000e+00    0.0000000000000000e+00    0.0000000000000000e+00
  -5.0689054878347086e-17   -6.0401102473247217e-02   -2.1628766256910827e-16
   0.0000000000000000e+00    0.0000000000000000e+00    0.0000000000000000e+00
  -6.6497362207796243e-02    8.9612303803728153e-17   -2.1516888577245560e-01
   0.0000000000000000e+00    0.0000000000000000e+00    0.0000000000000000e+00
  -5.5300894448970193e-16   -1.2030798478101848e-01   -1.6052259161812802e-15
   5.0689054878347086e-17    6.6497362207796243e-02    5.5300894448970193e-16
   0.0000000000000000e+00    0.0000000000000000e+00    0.0000000000000000e+00
   6.0401102473247217e-02   -8.9612303803728153e-17    1.2030798478101848e-01
   0.0000000000000000e+00    0.0000000000000000e+00    0.0000000000000000e+00
   2.1628766256910827e-16    2.1516888577245560e-01    1.6052259161812802e-15
   0.0000000000000000e+00    0.0000000000000000e+00    0.0000000000000000e+00
   0.0000000000000000e+00    0.0000000000000000e+00    0.0000000000000000e+00
  -7.6133652964196058e-16    3.6888382734881028e-02    7.7626055703963617e-16
   0.0000000000000000e+00    0.0000000000000000e+00    0.0000000000000000e+00
  -2.8617200403774818e-02    1.1191943762061551e-16    1.2086299922659648e-02
   0.0000000000000000e+00    0.0000000000000000e+00    0.0000000000000000e+00
   1.0436864560543102e-16    6.6663880393829991e-02    3.9433990443719170e-16
   7.6133652964196058e-16    2.8617200403774818e-02   -1.0436864560543102e-16
   0.0000000000000000e+00    0.0000000000000000e+00    0.0000000000000000e+00
  -3.6888382734881028e-02   -1.1191943762061551e-16   -6.6663880393829991e-02
   0.0000000000000000e+00    0.0000000000000000e+00    0.0000000000000000e+00
  -7.7626055703963617e-16   -1.2086299922659648e-02   -3.9433990443719170e-16
   0.0000000000000000e+00    0.0000000000000000e+00    0.0000000000000000e+00
   0.0000000000000000e+00    0.0000000000000000e+00    0.0000000000000000e+00
  -2.8401881472503585e-02    1.6062426529299557e-16    1.5932050315461216e-02
   0.0000000000000000e+00    0.0000000000000000e+00    0.0000000000000000e+00
  -4.4215307815500852e-17    1.1311744315451379e-01    7.2672948178591835e-16
   0.0000000000000000e+00    0.0000000000000000e+00    0.0000000000000000e+00
   6.4405143877749704e-02   -1.6197896466446685e-18    1.2419255033718964e-01
   2.8401881472503585e-02    4.4215307815500852e-17   -6.4405143877749704e-02
   0.0000000000000000e+00    0.0000000000000000e+00    0.0000000000000000e+00
  -1.6062426529299557e-16   -1.1311744315451379e-01    1.6197896466446685e-18
   0.0000000000000000e+00    0.0000000000000000e+00    0.0000000000000000e+00
  -1.5932050315461216e-02   -7.2672948178591835e-16   -1.2419255033718964e-01
   0.0000000000000000e+00    0.0000000000000000e+00    0.0000000000000000e+00
   0.0000000000000000e+00    0.0000000000000000e+00    0.0000000000000000e+00
   5.0689054878347086e-17    6.6497362207796243e-02    5.5300894448970193e-16
   0.0000000000000000e+00    0.0000000000000000e+00    0.0000000000000000e+00
   6.0401102473247217e-02   -8.9612303803728153e-17    1.2030798478101848e-01
   0.0000000000000000e+00    0.0000000000000000e+00    0.0000000000000000e+00
   2.1628766256910827e-16    2.1516888577245560e-01    1.6052259161812802e-15
  -5.0689054878347086e-17   -6.0401102473247217e-02   -2.1628766256910827e-16
   0.0000000000000000e+00    0.0000000000000000e+00    0.0000000000000000e+00
  -6.6497362207796243e-02    8.9612303803728153e-17   -2.1516888577245560e-01
   0.0000000000000000e+00    0.0000000000000000e+00    0.0000000000000000e+00
  -5.5300894448970193e-16   -1.2030798478101848e-01   -1.6052259161812802e-15
   0.0000000000000000e+00    0.0000000000000000e+00    0.0000000000000000e+00
   0.0000000000000000e+00    0.0000000000000000e+00    0.0000000000000000e+00
   0.0000000000000000e+00    0.0000000000000000e+00    0.0000000000000000e+00
   0.0000000000000000e+00    0.0000000000000000e+00    0.0000000000000000e+00
   0.0000000000000000e+00    0.0000000000000000e+00    0.0000000000000000e+00
   0.0000000000000000e+00    0.0000000000000000e+00    0.0000000000000000e+00
   0.0000000000000000e+00    0.0000000000000000e+00    0.0000000000000000e+00
   0.0000000000000000e+00    0.0000000000000000e+00    0.0000000000000000e+00
   0.0000000000000000e+00    6.5505583138655843e-02    6.7189191143420524e-16
   0.0000000000000000e+00    0.0000000000000000e+00    0.0000000000000000e+00
  -6.5505583138655843e-02    0.0000000000000000e+00   -5.4577580471170339e-02
   0.0000000000000000e+00    0.0000000000000000e+00    0.0000000000000000e+00
  -6.7189191143420524e-16    5.4577580471170339e-02    0.0000000000000000e+00
   0.0000000000000000e+00    0.0000000000000000e+00    0.0000000000000000e+00
   0.0000000000000000e+00    0.0000000000000000e+00    0.0000000000000000e+00
   0.0000000000000000e+00    0.0000000000000000e+00    0.0000000000000000e+00
   0.0000000000000000e+00    0.0000000000000000e+00    0.0000000000000000e+00
   0.0000000000000000e+00    0.0000000000000000e+00    0.0000000000000000e+00
   0.0000000000000000e+00    0.0000000000000000e+00    0.0000000000000000e+00
   0.0000000000000000e+00    0.0000000000000000e+00    0.0000000000000000e+00
   0.0000000000000000e+00    2.0483957310849646e-16   -4.8473093562288481e-02
   0.0000000000000000e+00    0.0000000000000000e+00    0.0000000000000000e+00
  -2.0483957310849646e-16    0.0000000000000000e+00    7.2834927143256295e-16
   0.0000000000000000e+00    0.0000000000000000e+00    0.0000000000000000e+00
   4.8473093562288481e-02   -7.2834927143256295e-16    0.0000000000000000e+00
   0.0000000000000000e+00    0.0000000000000000e+00    0.0000000000000000e+00
   0.0000000000000000e+00    0.0000000000000000e+00    0.0000000000000000e+00
   0.0000000000000000e+00    0.0000000000000000e+00    0.0000000000000000e+00
   0.0000000000000000e+00    0.0000000000000000e+00    0.0000000000000000e+00
   0.0000000000000000e+00    0.0000000000000000e+00    0.0000000000000000e+00
   0.0000000000000000e+00    0.0000000000000000e+00    0.0000000000000000e+00
   0.0000000000000000e+00    0.0000000000000000e+00    0.0000000000000000e+00
   0.0000000000000000e+00    6.0962597345490099e-03    3.3672128192059354e-16
   0.0000000000000000e+00    0.0000000000000000e+00    0.0000000000000000e+00
  -6.0962597345490099e-03    0.0000000000000000e+00   -9.4860900991437125e-02
   0.0000000000000000e+00    0.0000000000000000e+00    0.0000000000000000e+00
  -3.3672128192059354e-16    9.4860900991437125e-02    0.0000000000000000e+00

i4_oooo matrix:
4 2 2 2 2
   0.0000000000000000e+00    0.0000000000000000e+00    0.0000000000000000e+00
   0.0000000000000000e+00    0.0000000000000000e+00    6.8634882735692726e-01
  -6.8634882735692726e-01    0.0000000000000000e+00    0.0000000000000000e+00
  -6.8634882735692726e-01    6.8634882735692726e-01    0.0000000000000000e+00
   0.0000000000000000e+00    0.0000000000000000e+00    0.0000000000000000e+00
   0.0000000000000000e+00 
i5_vvvv matrix:
4 6 6 6 6
   0.0000000000000000e+00    0.0000000000000000e+00    0.0000000000000000e+00
   0.0000000000000000e+00    0.0000000000000000e+00    0.0000000000000000e+00
   0.0000000000000000e+00    0.0000000000000000e+00    0.0000000000000000e+00
   0.0000000000000000e+00    0.0000000000000000e+00    0.0000000000000000e+00
   0.0000000000000000e+00    0.0000000000000000e+00    0.0000000000000000e+00
   0.0000000000000000e+00    0.0000000000000000e+00    0.0000000000000000e+00
   0.0000000000000000e+00    0.0000000000000000e+00    0.0000000000000000e+00
   0.0000000000000000e+00    0.0000000000000000e+00    0.0000000000000000e+00
   0.0000000000000000e+00    0.0000000000000000e+00    0.0000000000000000e+00
   0.0000000000000000e+00    0.0000000000000000e+00    0.0000000000000000e+00
   0.0000000000000000e+00    0.0000000000000000e+00    0.0000000000000000e+00
   0.0000000000000000e+00    0.0000000000000000e+00    0.0000000000000000e+00
   0.0000000000000000e+00    3.3145741896744385e-01    7.1934907830051525e-16
   0.0000000000000000e+00    0.0000000000000000e+00    0.0000000000000000e+00
  -3.3145741896744385e-01    0.0000000000000000e+00   -9.4557437340657469e-02
   0.0000000000000000e+00    0.0000000000000000e+00    0.0000000000000000e+00
  -7.1934907830051525e-16    9.4557437340657469e-02    0.0000000000000000e+00
   0.0000000000000000e+00    0.0000000000000000e+00    0.0000000000000000e+00
   0.0000000000000000e+00    0.0000000000000000e+00    0.0000000000000000e+00
   0.0000000000000000e+00    0.0000000000000000e+00    0.0000000000000000e+00
   0.0000000000000000e+00    0.0000000000000000e+00    0.0000000000000000e+00
   0.0000000000000000e+00    0.0000000000000000e+00    0.0000000000000000e+00
   0.0000000000000000e+00    0.0000000000000000e+00    0.0000000000000000e+00
   0.0000000000000000e+00    0.0000000000000000e+00    0.0000000000000000e+00
   0.0000000000000000e+00    7.0108384222557111e-16    3.7938345859854988e-01
   0.0000000000000000e+00    0.0000000000000000e+00    0.0000000000000000e+00
  -7.0108384222557111e-16    0.0000000000000000e+00   -3.5960791816760817e-16
   0.0000000000000000e+00    0.0000000000000000e+00    0.0000000000000000e+00
  -3.7938345859854988e-01    3.5960791816760817e-16    0.0000000000000000e+00
   0.0000000000000000e+00    0.0000000000000000e+00    0.0000000000000000e+00
   0.0000000000000000e+00    0.0000000000000000e+00    0.0000000000000000e+00
   0.0000000000000000e+00    0.0000000000000000e+00    0.0000000000000000e+00
   0.0000000000000000e+00    0.0000000000000000e+00    0.0000000000000000e+00
   0.0000000000000000e+00    0.0000000000000000e+00    0.0000000000000000e+00
   0.0000000000000000e+00    0.0000000000000000e+00    0.0000000000000000e+00
   0.0000000000000000e+00    0.0000000000000000e+00    0.0000000000000000e+00
   0.0000000000000000e+00    0.0000000000000000e+00    0.0000000000000000e+00
   3.7587952042402323e-01   -3.9961854283919588e-16    4.1987746243813268e-02
   0.0000000000000000e+00    0.0000000000000000e+00    0.0000000000000000e+00
  -3.9961854283919588e-16    3.5104687691056680e-02    1.5535662661202761e-16
   0.0000000000000000e+00    0.0000000000000000e+00    0.0000000000000000e+00
   4.1987746243813268e-02    1.5535662661202761e-16    4.9353607689343569e-02
  -3.7587952042402323e-01    3.9961854283919588e-16   -4.1987746243813268e-02
   0.0000000000000000e+00    0.0000000000000000e+00    0.0000000000000000e+00
   3.9961854283919588e-16   -3.5104687691056680e-02   -1.5535662661202761e-16
   0.0000000000000000e+00    0.0000000000000000e+00    0.0000000000000000e+00
  -4.1987746243813268e-02   -1.5535662661202761e-16   -4.9353607689343569e-02
   0.0000000000000000e+00    0.0000000000000000e+00    0.0000000000000000e+00
   0.0000000000000000e+00    0.0000000000000000e+00    0.0000000000000000e+00
  -4.1315195370323599e-16    3.7275239549383954e-01    8.5424184064593343e-16
   0.0000000000000000e+00    0.0000000000000000e+00    0.0000000000000000e+00
   4.1294976526395639e-02   -5.8616863989796475e-16   -8.7496987498874249e-03
   0.0000000000000000e+00    0.0000000000000000e+00    0.0000000000000000e+00
   1.3489276234541820e-16    8.5807738590770066e-02   -3.3045618540411899e-17
   4.1315195370323599e-16   -4.1294976526395639e-02   -1.3489276234541820e-16
   0.0000000000000000e+00    0.0000000000000000e+00    0.0000000000000000e+00
  -3.7275239549383954e-01    5.8616863989796475e-16   -8.5807738590770066e-02
   0.0000000000000000e+00    0.0000000000000000e+00    0.0000000000000000e+00
  -8.5424184064593343e-16    8.7496987498874249e-03    3.3045618540411899e-17
   0.0000000000000000e+00    0.0000000000000000e+00    0.0000000000000000e+00
   0.0000000000000000e+00    0.0000000000000000e+00    0.0000000000000000e+00
   4.3568422576027666e-02    8.5642856067669924e-16    4.3403707089400234e-01
   0.0000000000000000e+00    0.0000000000000000e+00    0.0000000000000000e+00
   1.5534471845112808e-16   -1.3017460717838620e-02   -3.8494724020471988e-16
   0.0000000000000000e+00    0.0000000000000000e+00    0.0000000000000000e+00
   5.4653612295452444e-02   -2.5339322037111718e-17    1.5857749454332193e-01
  -4.3568422576027666e-02   -1.5534471845112808e-16   -5.4653612295452444e-02
   0.0000000000000000e+00    0.0000000000000000e+00    0.0000000000000000e+00
  -8.5642856067669924e-16    1.3017460717838620e-02    2.5339322037111718e-17
   0.0000000000000000e+00    0.0000000000000000e+00    0.0000000000000000e+00
  -4.3403707089400234e-01    3.8494724020471988e-16   -1.5857749454332193e-01
   0.0000000000000000e+00    0.0000000000000000e+00    0.0000000000000000e+00
   0.0000000000000000e+00   -3.3145741896744385e-01   -7.1934907830051525e-16
   0.0000000000000000e+00    0.0000000000000000e+00    0.0000000000000000e+00
   3.3145741896744385e-01    0.0000000000000000e+00    9.4557437340657469e-02
   0.0000000000000000e+00    0.0000000000000000e+00    0.0000000000000000e+00
   7.1934907830051525e-16   -9.4557437340657469e-02    0.0000000000000000e+00
   0.0000000000000000e+00    0.0000000000000000e+00    0.0000000000000000e+00
   0.0000000000000000e+00    0.0000000000000000e+00    0.0000000000000000e+00
   0.0000000000000000e+00    0.0000000000000000e+00    0.0000000000000000e+00
   0.0000000000000000e+00    0.0000000000000000e+00    0.0000000000000000e+00
   0.0000000000000000e+00    0.0000000000000000e+00    0.0000000000000000e+00
   0.0000000000000000e+00    0.0000000000000000e+00    0.0000000000000000e+00
   0.0000000000000000e+00    0.0000000000000000e+00    0.0000000000000000e+00
   0.0000000000000000e+00    0.0000000000000000e+00    0.0000000000000000e+00
   0.0000000000000000e+00    0.0000000000000000e+00    0.0000000000000000e+00
   0.0000000000000000e+00    0.0000000000000000e+00    0.0000000000000000e+00
   0.0000000000000000e+00    0.0000000000000000e+00    0.0000000000000000e+00
   0.0000000000000000e+00    0.0000000000000000e+00    0.0000000000000000e+00
   0.0000000000000000e+00    0.0000000000000000e+00    0.0000000000000000e+00
   0.0000000000000000e+00    0.0000000000000000e+00    0.0000000000000000e+00
   0.0000000000000000e+00    0.0000000000000000e+00    0.0000000000000000e+00
   0.0000000000000000e+00    0.0000000000000000e+00    0.0000000000000000e+00
   0.0000000000000000e+00    0.0000000000000000e+00    0.0000000000000000e+00
   0.0000000000000000e+00    0.0000000000000000e+00    0.0000000000000000e+00
   0.0000000000000000e+00    0.0000000000000000e+00    0.0000000000000000e+00
   0.0000000000000000e+00   -9.4669728248708063e-02   -3.9395788434017286e-16
   0.0000000000000000e+00    0.0000000000000000e+00    0.0000000000000000e+00
   9.4669728248708063e-02    0.0000000000000000e+00    4.5856652519541963e-01
   0.0000000000000000e+00    0.0000000000000000e+00    0.0000000000000000e+00
   3.9395788434017286e-16   -4.5856652519541963e-01    0.0000000000000000e+00
   0.0000000000000000e+00    0.0000000000000000e+00    0.0000000000000000e+00
   0.0000000000000000e+00    0.0000000000000000e+00    0.0000000000000000e+00
   0.0000000000000000e+00    0.0000000000000000e+00    0.0000000000000000e+00
   0.0000000000000000e+00    0.0000000000000000e+00    0.0000000000000000e+00
   0.0000000000000000e+00    0.0000000000000000e+00    0.0000000000000000e+00
   0.0000000000000000e+00    0.0000000000000000e+00    0.0000000000000000e+00
   0.0000000000000000e+00    0.0000000000000000e+00    0.0000000000000000e+00
   0.0000000000000000e+00    0.0000000000000000e+00    0.0000000000000000e+00
  -4.1315195370323599e-16    4.1294976526395639e-02    1.3489276234541820e-16
   0.0000000000000000e+00    0.0000000000000000e+00    0.0000000000000000e+00
   3.7275239549383954e-01   -5.8616863989796475e-16    8.5807738590770066e-02
   0.0000000000000000e+00    0.0000000000000000e+00    0.0000000000000000e+00
   8.5424184064593343e-16   -8.7496987498874249e-03   -3.3045618540411899e-17
   4.1315195370323599e-16   -3.7275239549383954e-01   -8.5424184064593343e-16
   0.0000000000000000e+00    0.0000000000000000e+00    0.0000000000000000e+00
  -4.1294976526395639e-02    5.8616863989796475e-16    8.7496987498874249e-03
   0.0000000000000000e+00    0.0000000000000000e+00    0.0000000000000000e+00
  -1.3489276234541820e-16   -8.5807738590770066e-02    3.3045618540411899e-17
   0.0000000000000000e+00    0.0000000000000000e+00    0.0000000000000000e+00
   0.0000000000000000e+00    0.0000000000000000e+00    0.0000000000000000e+00
   3.7697172969144092e-02   -6.2719330414394504e-16   -1.3100232414144233e-02
   0.0000000000000000e+00    0.0000000000000000e+00    0.0000000000000000e+00
  -6.2719330414394504e-16    4.5072987744360665e-01    3.5799866956304491e-16
   0.0000000000000000e+00    0.0000000000000000e+00    0.0000000000000000e+00
  -1.3100232414144233e-02    3.5799866956304491e-16    9.2903629389232106e-02
  -3.7697172969144092e-02    6.2719330414394504e-16    1.3100232414144233e-02
   0.0000000000000000e+00    0.0000000000000000e+00    0.0000000000000000e+00
   6.2719330414394504e-16   -4.5072987744360665e-01   -3.5799866956304491e-16
   0.0000000000000000e+00    0.0000000000000000e+00    0.0000000000000000e+00
   1.3100232414144233e-02   -3.5799866956304491e-16   -9.2903629389232106e-02
   0.0000000000000000e+00    0.0000000000000000e+00    0.0000000000000000e+00
   0.0000000000000000e+00    0.0000000000000000e+00    0.0000000000000000e+00
   1.3613197537812834e-16   -8.8619896579380155e-03   -4.5701116042382962e-16
   0.0000000000000000e+00    0.0000000000000000e+00    0.0000000000000000e+00
   8.5807738590770039e-02    3.6756269163679626e-16    5.6026430568223629e-01
   0.0000000000000000e+00    0.0000000000000000e+00    0.0000000000000000e+00
  -6.3053276083656794e-17    1.0169778048681666e-01    7.2319504642474255e-16
  -1.3613197537812834e-16   -8.5807738590770039e-02    6.3053276083656794e-17
   0.0000000000000000e+00    0.0000000000000000e+00    0.0000000000000000e+00
   8.8619896579380155e-03   -3.6756269163679626e-16   -1.0169778048681666e-01
   0.0000000000000000e+00    0.0000000000000000e+00    0.0000000000000000e+00
   4.5701116042382962e-16   -5.6026430568223629e-01   -7.2319504642474255e-16
   0.0000000000000000e+00    0.0000000000000000e+00    0.0000000000000000e+00
   0.0000000000000000e+00   -7.0108384222557111e-16   -3.7938345859854988e-01
   0.0000000000000000e+00    0.0000000000000000e+00    0.0000000000000000e+00
   7.0108384222557111e-16    0.0000000000000000e+00    3.5960791816760817e-16
   0.0000000000000000e+00    0.0000000000000000e+00    0.0000000000000000e+00
   3.7938345859854988e-01   -3.5960791816760817e-16    0.0000000000000000e+00
   0.0000000000000000e+00    0.0000000000000000e+00    0.0000000000000000e+00
   0.0000000000000000e+00    0.0000000000000000e+00    0.0000000000000000e+00
   0.0000000000000000e+00    0.0000000000000000e+00    0.0000000000000000e+00
   0.0000000000000000e+00    0.0000000000000000e+00    0.0000000000000000e+00
   0.0000000000000000e+00    0.0000000000000000e+00    0.0000000000000000e+00
   0.0000000000000000e+00    0.0000000000000000e+00    0.0000000000000000e+00
   0.0000000000000000e+00    0.0000000000000000e+00    0.0000000000000000e+00
   0.0000000000000000e+00    9.4669728248708063e-02    3.9395788434017286e-16
   0.0000000000000000e+00    0.0000000000000000e+00    0.0000000000000000e+00
  -9.4669728248708063e-02    0.0000000000000000e+00   -4.5856652519541963e-01
   0.0000000000000000e+00    0.0000000000000000e+00    0.0000000000000000e+00
  -3.9395788434017286e-16    4.5856652519541963e-01    0.0000000000000000e+00
   0.0000000000000000e+00    0.0000000000000000e+00    0.0000000000000000e+00
   0.0000000000000000e+00    0.0000000000000000e+00    0.0000000000000000e+00
   0.0000000000000000e+00    0.0000000000000000e+00    0.0000000000000000e+00
   0.0000000000000000e+00    0.0000000000000000e+00    0.0000000000000000e+00
   0.0000000000000000e+00    0.0000000000000000e+00    0.0000000000000000e+00
   0.0000000000000000e+00    0.0000000000000000e+00    0.0000000000000000e+00
   0.0000000000000000e+00    0.0000000000000000e+00    0.0000000000000000e+00
   0.0000000000000000e+00    0.0000000000000000e+00    0.0000000000000000e+00
   0.0000000000000000e+00    0.0000000000000000e+00    0.0000000000000000e+00
   0.0000000000000000e+00    0.0000000000000000e+00    0.0000000000000000e+00
   0.0000000000000000e+00    0.0000000000000000e+00    0.0000000000000000e+00
   0.0000000000000000e+00    0.0000000000000000e+00    0.0000000000000000e+00
   0.0000000000000000e+00    0.0000000000000000e+00    0.0000000000000000e+00
   0.0000000000000000e+00    0.0000000000000000e+00    0.0000000000000000e+00
   0.0000000000000000e+00    0.0000000000000000e+00    0.0000000000000000e+00
   0.0000000000000000e+00    0.0000000000000000e+00    0.0000000000000000e+00
   0.0000000000000000e+00    0.0000000000000000e+00    0.0000000000000000e+00
   0.0000000000000000e+00    0.0000000000000000e+00    0.0000000000000000e+00
   0.0000000000000000e+00    0.0000000000000000e+00    0.0000000000000000e+00
   0.0000000000000000e+00    0.0000000000000000e+00    0.0000000000000000e+00
   4.3568422576027666e-02    1.5534471845112808e-16    5.4653612295452444e-02
   0.0000000000000000e+00    0.0000000000000000e+00    0.0000000000000000e+00
   8.5642856067669924e-16   -1.3017460717838620e-02   -2.5339322037111718e-17
   0.0000000000000000e+00    0.0000000000000000e+00    0.0000000000000000e+00
   4.3403707089400234e-01   -3.8494724020471988e-16    1.5857749454332193e-01
  -4.3568422576027666e-02   -8.5642856067669924e-16   -4.3403707089400234e-01
   0.0000000000000000e+00    0.0000000000000000e+00    0.0000000000000000e+00
  -1.5534471845112808e-16    1.3017460717838620e-02    3.8494724020471988e-16
   0.0000000000000000e+00    0.0000000000000000e+00    0.0000000000000000e+00
  -5.4653612295452444e-02    2.5339322037111718e-17   -1.5857749454332193e-01
   0.0000000000000000e+00    0.0000000000000000e+00    0.0000000000000000e+00
   0.0000000000000000e+00    0.0000000000000000e+00    0.0000000000000000e+00
   1.3613197537812834e-16    8.5807738590770039e-02   -6.3053276083656794e-17
   0.0000000000000000e+00    0.0000000000000000e+00    0.0000000000000000e+00
  -8.8619896579380155e-03    3.6756269163679626e-16    1.0169778048681666e-01
   0.0000000000000000e+00    0.0000000000000000e+00    0.0000000000000000e+00
  -4.5701116042382962e-16    5.6026430568223629e-01    7.2319504642474255e-16
  -1.3613197537812834e-16    8.8619896579380155e-03    4.5701116042382962e-16
   0.0000000000000000e+00    0.0000000000000000e+00    0.0000000000000000e+00
  -8.5807738590770039e-02   -3.6756269163679626e-16   -5.6026430568223629e-01
   0.0000000000000000e+00    0.0000000000000000e+00    0.0000000000000000e+00
   6.3053276083656794e-17   -1.0169778048681666e-01   -7.2319504642474255e-16
   0.0000000000000000e+00    0.0000000000000000e+00    0.0000000000000000e+00
   0.0000000000000000e+00    0.0000000000000000e+00    0.0000000000000000e+00
   5.4702190279714583e-02   -7.2372799492608025e-17    1.6105707337962522e-01
   0.0000000000000000e+00    0.0000000000000000e+00    0.0000000000000000e+00
  -7.2372799492608025e-17    9.7064311011972215e-02    7.2634848366608427e-16
   0.0000000000000000e+00    0.0000000000000000e+00    0.0000000000000000e+00
   1.6105707337962522e-01    7.2634848366608427e-16    8.0008531962115148e-01
  -5.4702190279714583e-02    7.2372799492608025e-17   -1.6105707337962522e-01
   0.0000000000000000e+00    0.0000000000000000e+00    0.0000000000000000e+00
   7.2372799492608025e-17   -9.7064311011972215e-02   -7.2634848366608427e-16
   0.0000000000000000e+00    0.0000000000000000e+00    0.0000000000000000e+00
  -1.6105707337962522e-01   -7.2634848366608427e-16   -8.0008531962115148e-01
   0.0000000000000000e+00    0.0000000000000000e+00    0.0000000000000000e+00
   0.0000000000000000e+00    0.0000000000000000e+00    0.0000000000000000e+00
  -3.7587952042402323e-01    3.9961854283919588e-16   -4.1987746243813268e-02
   0.0000000000000000e+00    0.0000000000000000e+00    0.0000000000000000e+00
   3.9961854283919588e-16   -3.5104687691056680e-02   -1.5535662661202761e-16
   0.0000000000000000e+00    0.0000000000000000e+00    0.0000000000000000e+00
  -4.1987746243813268e-02   -1.5535662661202761e-16   -4.9353607689343569e-02
   3.7587952042402323e-01   -3.9961854283919588e-16    4.1987746243813268e-02
   0.0000000000000000e+00    0.0000000000000000e+00    0.0000000000000000e+00
  -3.9961854283919588e-16    3.5104687691056680e-02    1.5535662661202761e-16
   0.0000000000000000e+00    0.0000000000000000e+00    0.0000000000000000e+00
   4.1987746243813268e-02    1.5535662661202761e-16    4.9353607689343569e-02
   0.0000000000000000e+00    0.0000000000000000e+00    0.0000000000000000e+00
   0.0000000000000000e+00    0.0000000000000000e+00    0.0000000000000000e+00
   4.1315195370323599e-16   -4.1294976526395639e-02   -1.3489276234541820e-16
   0.0000000000000000e+00    0.0000000000000000e+00    0.0000000000000000e+00
  -3.7275239549383954e-01    5.8616863989796475e-16   -8.5807738590770066e-02
   0.0000000000000000e+00    0.0000000000000000e+00    0.0000000000000000e+00
  -8.5424184064593343e-16    8.7496987498874249e-03    3.3045618540411899e-17
  -4.1315195370323599e-16    3.7275239549383954e-01    8.5424184064593343e-16
   0.0000000000000000e+00    0.0000000000000000e+00    0.0000000000000000e+00
   4.1294976526395639e-02   -5.8616863989796475e-16   -8.7496987498874249e-03
   0.0000000000000000e+00    0.0000000000000000e+00    0.0000000000000000e+00
   1.3489276234541820e-16    8.5807738590770066e-02   -3.3045618540411899e-17
   0.0000000000000000e+00    0.0000000000000000e+00    0.0000000000000000e+00
   0.0000000000000000e+00    0.0000000000000000e+00    0.0000000000000000e+00
  -4.3568422576027666e-02   -1.5534471845112808e-16   -5.4653612295452444e-02
   0.0000000000000000e+00    0.0000000000000000e+00    0.0000000000000000e+00
  -8.5642856067669924e-16    1.3017460717838620e-02    2.5339322037111718e-17
   0.0000000000000000e+00    0.0000000000000000e+00    0.0000000000000000e+00
  -4.3403707089400234e-01    3.8494724020471988e-16   -1.5857749454332193e-01
   4.3568422576027666e-02    8.5642856067669924e-16    4.3403707089400234e-01
   0.0000000000000000e+00    0.0000000000000000e+00    0.0000000000000000e+00
   1.5534471845112808e-16   -1.3017460717838620e-02   -3.8494724020471988e-16
   0.0000000000000000e+00    0.0000000000000000e+00    0.0000000000000000e+00
   5.4653612295452444e-02   -2.5339322037111718e-17    1.5857749454332193e-01
   0.0000000000000000e+00    0.0000000000000000e+00    0.0000000000000000e+00
   0.0000000000000000e+00    0.0000000000000000e+00    0.0000000000000000e+00
   0.0000000000000000e+00    0.0000000000000000e+00    0.0000000000000000e+00
   0.0000000000000000e+00    0.0000000000000000e+00    0.0000000000000000e+00
   0.0000000000000000e+00    0.0000000000000000e+00    0.0000000000000000e+00
   0.0000000000000000e+00    0.0000000000000000e+00    0.0000000000000000e+00
   0.0000000000000000e+00    0.0000000000000000e+00    0.0000000000000000e+00
   0.0000000000000000e+00    0.0000000000000000e+00    0.0000000000000000e+00
   0.0000000000000000e+00    0.0000000000000000e+00    0.0000000000000000e+00
   0.0000000000000000e+00    0.0000000000000000e+00    0.0000000000000000e+00
   0.0000000000000000e+00    0.0000000000000000e+00    0.0000000000000000e+00
   0.0000000000000000e+00    0.0000000000000000e+00    0.0000000000000000e+00
   0.0000000000000000e+00    0.0000000000000000e+00    0.0000000000000000e+00
   0.0000000000000000e+00    0.0000000000000000e+00    0.0000000000000000e+00
   0.0000000000000000e+00    0.0000000000000000e+00    0.0000000000000000e+00
   0.0000000000000000e+00    0.0000000000000000e+00    0.0000000000000000e+00
   0.0000000000000000e+00    0.0000000000000000e+00    0.0000000000000000e+00
   0.0000000000000000e+00    0.0000000000000000e+00    0.0000000000000000e+00
   0.0000000000000000e+00    0.0000000000000000e+00    0.0000000000000000e+00
   0.0000000000000000e+00    0.0000000000000000e+00    0.0000000000000000e+00
   0.0000000000000000e+00    3.3145741896744385e-01    7.1934907830051525e-16
   0.0000000000000000e+00    0.0000000000000000e+00    0.0000000000000000e+00
  -3.3145741896744385e-01    0.0000000000000000e+00   -9.4557437340657469e-02
   0.0000000000000000e+00    0.0000000000000000e+00    0.0000000000000000e+00
  -7.1934907830051525e-16    9.4557437340657469e-02    0.0000000000000000e+00
   0.0000000000000000e+00    0.0000000000000000e+00    0.0000000000000000e+00
   0.0000000000000000e+00    0.0000000000000000e+00    0.0000000000000000e+00
   0.0000000000000000e+00    0.0000000000000000e+00    0.0000000000000000e+00
   0.0000000000000000e+00    0.0000000000000000e+00    0.0000000000000000e+00
   0.0000000000000000e+00    0.0000000000000000e+00    0.0000000000000000e+00
   0.0000000000000000e+00    0.0000000000000000e+00    0.0000000000000000e+00
   0.0000000000000000e+00    0.0000000000000000e+00    0.0000000000000000e+00
   0.0000000000000000e+00    7.0108384222557111e-16    3.7938345859854988e-01
   0.0000000000000000e+00    0.0000000000000000e+00    0.0000000000000000e+00
  -7.0108384222557111e-16    0.0000000000000000e+00   -3.5960791816760817e-16
   0.0000000000000000e+00    0.0000000000000000e+00    0.0000000000000000e+00
  -3.7938345859854988e-01    3.5960791816760817e-16    0.0000000000000000e+00
   0.0000000000000000e+00    0.0000000000000000e+00    0.0000000000000000e+00
   4.1315195370323599e-16   -3.7275239549383954e-01   -8.5424184064593343e-16
   0.0000000000000000e+00    0.0000000000000000e+00    0.0000000000000000e+00
  -4.1294976526395639e-02    5.8616863989796475e-16    8.7496987498874249e-03
   0.0000000000000000e+00    0.0000000000000000e+00    0.0000000000000000e+00
  -1.3489276234541820e-16   -8.5807738590770066e-02    3.3045618540411899e-17
  -4.1315195370323599e-16    4.1294976526395639e-02    1.3489276234541820e-16
   0.0000000000000000e+00    0.0000000000000000e+00    0.0000000000000000e+00
   3.7275239549383954e-01   -5.8616863989796475e-16    8.5807738590770066e-02
   0.0000000000000000e+00    0.0000000000000000e+00    0.0000000000000000e+00
   8.5424184064593343e-16   -8.7496987498874249e-03   -3.3045618540411899e-17
   0.0000000000000000e+00    0.0000000000000000e+00    0.0000000000000000e+00
   0.0000000000000000e+00    0.0000000000000000e+00    0.0000000000000000e+00
  -3.7697172969144092e-02    6.2719330414394504e-16    1.3100232414144233e-02
   0.0000000000000000e+00    0.0000000000000000e+00    0.0000000000000000e+00
   6.2719330414394504e-16   -4.5072987744360665e-01   -3.5799866956304491e-16
   0.0000000000000000e+00    0.0000000000000000e+00    0.0000000000000000e+00
   1.3100232414144233e-02   -3.5799866956304491e-16   -9.2903629389232106e-02
   3.7697172969144092e-02   -6.2719330414394504e-16   -1.3100232414144233e-02
   0.0000000000000000e+00    0.0000000000000000e+00    0.0000000000000000e+00
  -6.2719330414394504e-16    4.5072987744360665e-01    3.5799866956304491e-16
   0.0000000000000000e+00    0.0000000000000000e+00    0.0000000000000000e+00
  -1.3100232414144233e-02    3.5799866956304491e-16    9.2903629389232106e-02
   0.0000000000000000e+00    0.0000000000000000e+00    0.0000000000000000e+00
   0.0000000000000000e+00    0.0000000000000000e+00    0.0000000000000000e+00
  -1.3613197537812834e-16   -8.5807738590770039e-02    6.3053276083656794e-17
   0.0000000000000000e+00    0.0000000000000000e+00    0.0000000000000000e+00
   8.8619896579380155e-03   -3.6756269163679626e-16   -1.0169778048681666e-01
   0.0000000000000000e+00    0.0000000000000000e+00    0.0000000000000000e+00
   4.5701116042382962e-16   -5.6026430568223629e-01   -7.2319504642474255e-16
   1.3613197537812834e-16   -8.8619896579380155e-03   -4.5701116042382962e-16
   0.0000000000000000e+00    0.0000000000000000e+00    0.0000000000000000e+00
   8.5807738590770039e-02    3.6756269163679626e-16    5.6026430568223629e-01
   0.0000000000000000e+00    0.0000000000000000e+00    0.0000000000000000e+00
  -6.3053276083656794e-17    1.0169778048681666e-01    7.2319504642474255e-16
   0.0000000000000000e+00    0.0000000000000000e+00    0.0000000000000000e+00
   0.0000000000000000e+00    0.0000000000000000e+00    0.0000000000000000e+00
   0.0000000000000000e+00    0.0000000000000000e+00    0.0000000000000000e+00
   0.0000000000000000e+00    0.0000000000000000e+00    0.0000000000000000e+00
   0.0000000000000000e+00    0.0000000000000000e+00    0.0000000000000000e+00
   0.0000000000000000e+00    0.0000000000000000e+00    0.0000000000000000e+00
   0.0000000000000000e+00    0.0000000000000000e+00    0.0000000000000000e+00
   0.0000000000000000e+00    0.0000000000000000e+00    0.0000000000000000e+00
   0.0000000000000000e+00   -3.3145741896744385e-01   -7.1934907830051525e-16
   0.0000000000000000e+00    0.0000000000000000e+00    0.0000000000000000e+00
   3.3145741896744385e-01    0.0000000000000000e+00    9.4557437340657469e-02
   0.0000000000000000e+00    0.0000000000000000e+00    0.0000000000000000e+00
   7.1934907830051525e-16   -9.4557437340657469e-02    0.0000000000000000e+00
   0.0000000000000000e+00    0.0000000000000000e+00    0.0000000000000000e+00
   0.0000000000000000e+00    0.0000000000000000e+00    0.0000000000000000e+00
   0.0000000000000000e+00    0.0000000000000000e+00    0.0000000000000000e+00
   0.0000000000000000e+00    0.0000000000000000e+00    0.0000000000000000e+00
   0.0000000000000000e+00    0.0000000000000000e+00    0.0000000000000000e+00
   0.0000000000000000e+00    0.0000000000000000e+00    0.0000000000000000e+00
   0.0000000000000000e+00    0.0000000000000000e+00    0.0000000000000000e+00
   0.0000000000000000e+00    0.0000000000000000e+00    0.0000000000000000e+00
   0.0000000000000000e+00    0.0000000000000000e+00    0.0000000000000000e+00
   0.0000000000000000e+00    0.0000000000000000e+00    0.0000000000000000e+00
   0.0000000000000000e+00    0.0000000000000000e+00    0.0000000000000000e+00
   0.0000000000000000e+00    0.0000000000000000e+00    0.0000000000000000e+00
   0.0000000000000000e+00    0.0000000000000000e+00    0.0000000000000000e+00
   0.0000000000000000e+00    0.0000000000000000e+00    0.0000000000000000e+00
   0.0000000000000000e+00    0.0000000000000000e+00    0.0000000000000000e+00
   0.0000000000000000e+00    0.0000000000000000e+00    0.0000000000000000e+00
   0.0000000000000000e+00    0.0000000000000000e+00    0.0000000000000000e+00
   0.0000000000000000e+00    0.0000000000000000e+00    0.0000000000000000e+00
   0.0000000000000000e+00    0.0000000000000000e+00    0.0000000000000000e+00
   0.0000000000000000e+00   -9.4669728248708063e-02   -3.9395788434017286e-16
   0.0000000000000000e+00    0.0000000000000000e+00    0.0000000000000000e+00
   9.4669728248708063e-02    0.0000000000000000e+00    4.5856652519541963e-01
   0.0000000000000000e+00    0.0000000000000000e+00    0.0000000000000000e+00
   3.9395788434017286e-16   -4.5856652519541963e-01    0.0000000000000000e+00
   0.0000000000000000e+00    0.0000000000000000e+00    0.0000000000000000e+00
  -4.3568422576027666e-02   -8.5642856067669924e-16   -4.3403707089400234e-01
   0.0000000000000000e+00    0.0000000000000000e+00    0.0000000000000000e+00
  -1.5534471845112808e-16    1.3017460717838620e-02    3.8494724020471988e-16
   0.0000000000000000e+00    0.0000000000000000e+00    0.0000000000000000e+00
  -5.4653612295452444e-02    2.5339322037111718e-17   -1.5857749454332193e-01
   4.3568422576027666e-02    1.5534471845112808e-16    5.4653612295452444e-02
   0.0000000000000000e+00    0.0000000000000000e+00    0.0000000000000000e+00
   8.5642856067669924e-16   -1.3017460717838620e-02   -2.5339322037111718e-17
   0.0000000000000000e+00    0.0000000000000000e+00    0.0000000000000000e+00
   4.3403707089400234e-01   -3.8494724020471988e-16    1.5857749454332193e-01
   0.0000000000000000e+00    0.0000000000000000e+00    0.0000000000000000e+00
   0.0000000000000000e+00    0.0000000000000000e+00    0.0000000000000000e+00
  -1.3613197537812834e-16    8.8619896579380155e-03    4.5701116042382962e-16
   0.0000000000000000e+00    0.0000000000000000e+00    0.0000000000000000e+00
  -8.5807738590770039e-02   -3.6756269163679626e-16   -5.6026430568223629e-01
   0.0000000000000000e+00    0.0000000000000000e+00    0.0000000000000000e+00
   6.3053276083656794e-17   -1.0169778048681666e-01   -7.2319504642474255e-16
   1.3613197537812834e-16    8.5807738590770039e-02   -6.3053276083656794e-17
   0.0000000000000000e+00    0.0000000000000000e+00    0.0000000000000000e+00
  -8.8619896579380155e-03    3.6756269163679626e-16    1.0169778048681666e-01
   0.0000000000000000e+00    0.0000000000000000e+00    0.0000000000000000e+00
  -4.5701116042382962e-16    5.6026430568223629e-01    7.2319504642474255e-16
   0.0000000000000000e+00    0.0000000000000000e+00    0.0000000000000000e+00
   0.0000000000000000e+00    0.0000000000000000e+00    0.0000000000000000e+00
  -5.4702190279714583e-02    7.2372799492608025e-17   -1.6105707337962522e-01
   0.0000000000000000e+00    0.0000000000000000e+00    0.0000000000000000e+00
   7.2372799492608025e-17   -9.7064311011972215e-02   -7.2634848366608427e-16
   0.0000000000000000e+00    0.0000000000000000e+00    0.0000000000000000e+00
  -1.6105707337962522e-01   -7.2634848366608427e-16   -8.0008531962115148e-01
   5.4702190279714583e-02   -7.2372799492608025e-17    1.6105707337962522e-01
   0.0000000000000000e+00    0.0000000000000000e+00    0.0000000000000000e+00
  -7.2372799492608025e-17    9.7064311011972215e-02    7.2634848366608427e-16
   0.0000000000000000e+00    0.0000000000000000e+00    0.0000000000000000e+00
   1.6105707337962522e-01    7.2634848366608427e-16    8.0008531962115148e-01
   0.0000000000000000e+00    0.0000000000000000e+00    0.0000000000000000e+00
   0.0000000000000000e+00    0.0000000000000000e+00    0.0000000000000000e+00
   0.0000000000000000e+00    0.0000000000000000e+00    0.0000000000000000e+00
   0.0000000000000000e+00    0.0000000000000000e+00    0.0000000000000000e+00
   0.0000000000000000e+00    0.0000000000000000e+00    0.0000000000000000e+00
   0.0000000000000000e+00    0.0000000000000000e+00    0.0000000000000000e+00
   0.0000000000000000e+00    0.0000000000000000e+00    0.0000000000000000e+00
   0.0000000000000000e+00    0.0000000000000000e+00    0.0000000000000000e+00
   0.0000000000000000e+00   -7.0108384222557111e-16   -3.7938345859854988e-01
   0.0000000000000000e+00    0.0000000000000000e+00    0.0000000000000000e+00
   7.0108384222557111e-16    0.0000000000000000e+00    3.5960791816760817e-16
   0.0000000000000000e+00    0.0000000000000000e+00    0.0000000000000000e+00
   3.7938345859854988e-01   -3.5960791816760817e-16    0.0000000000000000e+00
   0.0000000000000000e+00    0.0000000000000000e+00    0.0000000000000000e+00
   0.0000000000000000e+00    0.0000000000000000e+00    0.0000000000000000e+00
   0.0000000000000000e+00    0.0000000000000000e+00    0.0000000000000000e+00
   0.0000000000000000e+00    0.0000000000000000e+00    0.0000000000000000e+00
   0.0000000000000000e+00    0.0000000000000000e+00    0.0000000000000000e+00
   0.0000000000000000e+00    0.0000000000000000e+00    0.0000000000000000e+00
   0.0000000000000000e+00    0.0000000000000000e+00    0.0000000000000000e+00
   0.0000000000000000e+00    9.4669728248708063e-02    3.9395788434017286e-16
   0.0000000000000000e+00    0.0000000000000000e+00    0.0000000000000000e+00
  -9.4669728248708063e-02    0.0000000000000000e+00   -4.5856652519541963e-01
   0.0000000000000000e+00    0.0000000000000000e+00    0.0000000000000000e+00
  -3.9395788434017286e-16    4.5856652519541963e-01    0.0000000000000000e+00
   0.0000000000000000e+00    0.0000000000000000e+00    0.0000000000000000e+00
   0.0000000000000000e+00    0.0000000000000000e+00    0.0000000000000000e+00
   0.0000000000000000e+00    0.0000000000000000e+00    0.0000000000000000e+00
   0.0000000000000000e+00    0.0000000000000000e+00    0.0000000000000000e+00
   0.0000000000000000e+00    0.0000000000000000e+00    0.0000000000000000e+00
   0.0000000000000000e+00    0.0000000000000000e+00    0.0000000000000000e+00
   0.0000000000000000e+00    0.0000000000000000e+00    0.0000000000000000e+00
   0.0000000000000000e+00    0.0000000000000000e+00    0.0000000000000000e+00
   0.0000000000000000e+00    0.0000000000000000e+00    0.0000000000000000e+00
   0.0000000000000000e+00    0.0000000000000000e+00    0.0000000000000000e+00
   0.0000000000000000e+00    0.0000000000000000e+00    0.0000000000000000e+00
   0.0000000000000000e+00    0.0000000000000000e+00    0.0000000000000000e+00

i6_ooov matrix:
4 2 2 2 6
   0.0000000000000000e+00    0.0000000000000000e+00    0.0000000000000000e+00
   0.0000000000000000e+00    0.0000000000000000e+00    0.0000000000000000e+00
   0.0000000000000000e+00    0.0000000000000000e+00    0.0000000000000000e+00
   0.0000000000000000e+00    0.0000000000000000e+00    0.0000000000000000e+00
   0.0000000000000000e+00    0.0000000000000000e+00    0.0000000000000000e+00
   4.7117181228896343e-16   -1.8565219246629311e-01   -1.0336232178632401e-15
  -4.7117181228896343e-16    1.8565219246629311e-01    1.0336232178632401e-15
   0.0000000000000000e+00    0.0000000000000000e+00    0.0000000000000000e+00
   0.0000000000000000e+00    0.0000000000000000e+00    0.0000000000000000e+00
  -4.7117181228896343e-16    1.8565219246629311e-01    1.0336232178632401e-15
   4.7117181228896343e-16   -1.8565219246629311e-01   -1.0336232178632401e-15
   0.0000000000000000e+00    0.0000000000000000e+00    0.0000000000000000e+00
   0.0000000000000000e+00    0.0000000000000000e+00    0.0000000000000000e+00
   0.0000000000000000e+00    0.0000000000000000e+00    0.0000000000000000e+00
   0.0000000000000000e+00    0.0000000000000000e+00    0.0000000000000000e+00
   0.0000000000000000e+00    0.0000000000000000e+00    0.0000000000000000e+00

i7_ovvv matrix:
4 2 6 6 6
   0.0000000000000000e+00    6.9151295424540793e-02    6.8814311887654966e-16
   0.0000000000000000e+00    0.0000000000000000e+00    0.0000000000000000e+00
  -6.9151295424540793e-02    0.0000000000000000e+00   -5.9026754287084836e-02
   0.0000000000000000e+00    0.0000000000000000e+00    0.0000000000000000e+00
  -6.8814311887654966e-16    5.9026754287084836e-02    0.0000000000000000e+00
   0.0000000000000000e+00    0.0000000000000000e+00    0.0000000000000000e+00
   0.0000000000000000e+00    0.0000000000000000e+00    0.0000000000000000e+00
   0.0000000000000000e+00    0.0000000000000000e+00    0.0000000000000000e+00
   0.0000000000000000e+00    0.0000000000000000e+00    0.0000000000000000e+00
   0.0000000000000000e+00    0.0000000000000000e+00    0.0000000000000000e+00
   0.0000000000000000e+00    0.0000000000000000e+00    0.0000000000000000e+00
   0.0000000000000000e+00    0.0000000000000000e+00    0.0000000000000000e+00
   0.0000000000000000e+00    2.2464669013899652e-16   -5.6950171330606869e-02
   0.0000000000000000e+00    0.0000000000000000e+00    0.0000000000000000e+00
  -2.2464669013899652e-16    0.0000000000000000e+00    7.9992436285980517e-16
   0.0000000000000000e+00    0.0000000000000000e+00    0.0000000000000000e+00
   5.6950171330606869e-02   -7.9992436285980517e-16    0.0000000000000000e+00
   0.0000000000000000e+00    0.0000000000000000e+00    0.0000000000000000e+00
   0.0000000000000000e+00    0.0000000000000000e+00    0.0000000000000000e+00
   0.0000000000000000e+00    0.0000000000000000e+00    0.0000000000000000e+00
   0.0000000000000000e+00    0.0000000000000000e+00    0.0000000000000000e+00
   0.0000000000000000e+00    0.0000000000000000e+00    0.0000000000000000e+00
   0.0000000000000000e+00    0.0000000000000000e+00    0.0000000000000000e+00
   0.0000000000000000e+00    0.0000000000000000e+00    0.0000000000000000e+00
   0.0000000000000000e+00    2.0765829564779320e-03    3.6732769603808890e-16
   0.0000000000000000e+00    0.0000000000000000e+00    0.0000000000000000e+00
  -2.0765829564779320e-03    0.0000000000000000e+00   -1.0003739968772538e-01
   0.0000000000000000e+00    0.0000000000000000e+00    0.0000000000000000e+00
  -3.6732769603808890e-16    1.0003739968772538e-01    0.0000000000000000e+00
   0.0000000000000000e+00    0.0000000000000000e+00    0.0000000000000000e+00
   0.0000000000000000e+00    0.0000000000000000e+00    0.0000000000000000e+00
   0.0000000000000000e+00    0.0000000000000000e+00    0.0000000000000000e+00
   0.0000000000000000e+00    0.0000000000000000e+00    0.0000000000000000e+00
   0.0000000000000000e+00    0.0000000000000000e+00    0.0000000000000000e+00
   0.0000000000000000e+00    0.0000000000000000e+00    0.0000000000000000e+00
   0.0000000000000000e+00    0.0000000000000000e+00    0.0000000000000000e+00
   0.0000000000000000e+00    0.0000000000000000e+00    0.0000000000000000e+00
   7.5438474273292122e-16    2.9047095283097471e-02   -1.0829296508005361e-16
   0.0000000000000000e+00    0.0000000000000000e+00    0.0000000000000000e+00
  -4.0104200141443315e-02   -1.4370532150151827e-16   -6.5315903921763410e-02
   0.0000000000000000e+00    0.0000000000000000e+00    0.0000000000000000e+00
  -7.9643608395660326e-16   -6.2891496346785761e-03   -4.5104872793802945e-16
  -7.5438474273292122e-16    4.0104200141443315e-02    7.9643608395660326e-16
   0.0000000000000000e+00    0.0000000000000000e+00    0.0000000000000000e+00
  -2.9047095283097471e-02    1.4370532150151827e-16    6.2891496346785761e-03
   0.0000000000000000e+00    0.0000000000000000e+00    0.0000000000000000e+00
   1.0829296508005361e-16    6.5315903921763410e-02    4.5104872793802945e-16
   0.0000000000000000e+00    0.0000000000000000e+00    0.0000000000000000e+00
   0.0000000000000000e+00    0.0000000000000000e+00    0.0000000000000000e+00
   2.9175035416513173e-02    9.7054514775224779e-17   -6.3091402102396388e-02
   0.0000000000000000e+00    0.0000000000000000e+00    0.0000000000000000e+00
  -1.2759217536377174e-16   -1.1713864018571332e-01    1.0026710225538042e-17
   0.0000000000000000e+00    0.0000000000000000e+00    0.0000000000000000e+00
  -6.1412307717895170e-03   -7.8989765263426709e-16   -1.1568626916181723e-01
  -2.9175035416513173e-02    1.2759217536377174e-16    6.1412307717895170e-03
   0.0000000000000000e+00    0.0000000000000000e+00    0.0000000000000000e+00
  -9.7054514775224779e-17    1.1713864018571332e-01    7.8989765263426709e-16
   0.0000000000000000e+00    0.0000000000000000e+00    0.0000000000000000e+00
   6.3091402102396388e-02   -1.0026710225538042e-17    1.1568626916181723e-01
   0.0000000000000000e+00    0.0000000000000000e+00    0.0000000000000000e+00
   0.0000000000000000e+00    0.0000000000000000e+00    0.0000000000000000e+00
   5.3184761620750828e-17   -6.3239320965285575e-02   -8.4452188818663387e-17
   0.0000000000000000e+00    0.0000000000000000e+00    0.0000000000000000e+00
  -6.5315903921763507e-02    1.2698007138309886e-16   -2.1602348899491128e-01
   0.0000000000000000e+00    0.0000000000000000e+00    0.0000000000000000e+00
  -4.5177988485675226e-16   -1.1598608930718590e-01   -1.6052873319391489e-15
  -5.3184761620750828e-17    6.5315903921763507e-02    4.5177988485675226e-16
   0.0000000000000000e+00    0.0000000000000000e+00    0.0000000000000000e+00
   6.3239320965285575e-02   -1.2698007138309886e-16    1.1598608930718590e-01
   0.0000000000000000e+00    0.0000000000000000e+00    0.0000000000000000e+00
   8.4452188818663387e-17    2.1602348899491128e-01    1.6052873319391489e-15
   0.0000000000000000e+00    0.0000000000000000e+00    0.0000000000000000e+00
   0.0000000000000000e+00    0.0000000000000000e+00    0.0000000000000000e+00
  -7.5438474273292122e-16    4.0104200141443315e-02    7.9643608395660326e-16
   0.0000000000000000e+00    0.0000000000000000e+00    0.0000000000000000e+00
  -2.9047095283097471e-02    1.4370532150151827e-16    6.2891496346785761e-03
   0.0000000000000000e+00    0.0000000000000000e+00    0.0000000000000000e+00
   1.0829296508005361e-16    6.5315903921763410e-02    4.5104872793802945e-16
   7.5438474273292122e-16    2.9047095283097471e-02   -1.0829296508005361e-16
   0.0000000000000000e+00    0.0000000000000000e+00    0.0000000000000000e+00
  -4.0104200141443315e-02   -1.4370532150151827e-16   -6.5315903921763410e-02
   0.0000000000000000e+00    0.0000000000000000e+00    0.0000000000000000e+00
  -7.9643608395660326e-16   -6.2891496346785761e-03   -4.5104872793802945e-16
   0.0000000000000000e+00    0.0000000000000000e+00    0.0000000000000000e+00
   0.0000000000000000e+00    0.0000000000000000e+00    0.0000000000000000e+00
  -2.9175035416513173e-02    1.2759217536377174e-16    6.1412307717895170e-03
   0.0000000000000000e+00    0.0000000000000000e+00    0.0000000000000000e+00
  -9.7054514775224779e-17    1.1713864018571332e-01    7.8989765263426709e-16
   0.0000000000000000e+00    0.0000000000000000e+00    0.0000000000000000e+00
   6.3091402102396388e-02   -1.0026710225538042e-17    1.1568626916181723e-01
   2.9175035416513173e-02    9.7054514775224779e-17   -6.3091402102396388e-02
   0.0000000000000000e+00    0.0000000000000000e+00    0.0000000000000000e+00
  -1.2759217536377174e-16   -1.1713864018571332e-01    1.0026710225538042e-17
   0.0000000000000000e+00    0.0000000000000000e+00    0.0000000000000000e+00
  -6.1412307717895170e-03   -7.8989765263426709e-16   -1.1568626916181723e-01
   0.0000000000000000e+00    0.0000000000000000e+00    0.0000000000000000e+00
   0.0000000000000000e+00    0.0000000000000000e+00    0.0000000000000000e+00
  -5.3184761620750828e-17    6.5315903921763507e-02    4.5177988485675226e-16
   0.0000000000000000e+00    0.0000000000000000e+00    0.0000000000000000e+00
   6.3239320965285575e-02   -1.2698007138309886e-16    1.1598608930718590e-01
   0.0000000000000000e+00    0.0000000000000000e+00    0.0000000000000000e+00
   8.4452188818663387e-17    2.1602348899491128e-01    1.6052873319391489e-15
   5.3184761620750828e-17   -6.3239320965285575e-02   -8.4452188818663387e-17
   0.0000000000000000e+00    0.0000000000000000e+00    0.0000000000000000e+00
  -6.5315903921763507e-02    1.2698007138309886e-16   -2.1602348899491128e-01
   0.0000000000000000e+00    0.0000000000000000e+00    0.0000000000000000e+00
  -4.5177988485675226e-16   -1.1598608930718590e-01   -1.6052873319391489e-15
   0.0000000000000000e+00    0.0000000000000000e+00    0.0000000000000000e+00
   0.0000000000000000e+00    0.0000000000000000e+00    0.0000000000000000e+00
   0.0000000000000000e+00    0.0000000000000000e+00    0.0000000000000000e+00
   0.0000000000000000e+00    0.0000000000000000e+00    0.0000000000000000e+00
   0.0000000000000000e+00    0.0000000000000000e+00    0.0000000000000000e+00
   0.0000000000000000e+00    0.0000000000000000e+00    0.0000000000000000e+00
   0.0000000000000000e+00    0.0000000000000000e+00    0.0000000000000000e+00
   0.0000000000000000e+00    0.0000000000000000e+00    0.0000000000000000e+00
   0.0000000000000000e+00    6.9151295424540793e-02    6.8814311887654966e-16
   0.0000000000000000e+00    0.0000000000000000e+00    0.0000000000000000e+00
  -6.9151295424540793e-02    0.0000000000000000e+00   -5.9026754287084836e-02
   0.0000000000000000e+00    0.0000000000000000e+00    0.0000000000000000e+00
  -6.8814311887654966e-16    5.9026754287084836e-02    0.0000000000000000e+00
   0.0000000000000000e+00    0.0000000000000000e+00    0.0000000000000000e+00
   0.0000000000000000e+00    0.0000000000000000e+00    0.0000000000000000e+00
   0.0000000000000000e+00    0.0000000000000000e+00    0.0000000000000000e+00
   0.0000000000000000e+00    0.0000000000000000e+00    0.0000000000000000e+00
   0.0000000000000000e+00    0.0000000000000000e+00    0.0000000000000000e+00
   0.0000000000000000e+00    0.0000000000000000e+00    0.0000000000000000e+00
   0.0000000000000000e+00    0.0000000000000000e+00    0.0000000000000000e+00
   0.0000000000000000e+00    2.2464669013899652e-16   -5.6950171330606869e-02
   0.0000000000000000e+00    0.0000000000000000e+00    0.0000000000000000e+00
  -2.2464669013899652e-16    0.0000000000000000e+00    7.9992436285980517e-16
   0.0000000000000000e+00    0.0000000000000000e+00    0.0000000000000000e+00
   5.6950171330606869e-02   -7.9992436285980517e-16    0.0000000000000000e+00
   0.0000000000000000e+00    0.0000000000000000e+00    0.0000000000000000e+00
   0.0000000000000000e+00    0.0000000000000000e+00    0.0000000000000000e+00
   0.0000000000000000e+00    0.0000000000000000e+00    0.0000000000000000e+00
   0.0000000000000000e+00    0.0000000000000000e+00    0.0000000000000000e+00
   0.0000000000000000e+00    0.0000000000000000e+00    0.0000000000000000e+00
   0.0000000000000000e+00    0.0000000000000000e+00    0.0000000000000000e+00
   0.0000000000000000e+00    0.0000000000000000e+00    0.0000000000000000e+00
   0.0000000000000000e+00    2.0765829564779320e-03    3.6732769603808890e-16
   0.0000000000000000e+00    0.0000000000000000e+00    0.0000000000000000e+00
  -2.0765829564779320e-03    0.0000000000000000e+00   -1.0003739968772538e-01
   0.0000000000000000e+00    0.0000000000000000e+00    0.0000000000000000e+00
  -3.6732769603808890e-16    1.0003739968772538e-01    0.0000000000000000e+00

