i1_ovov matrix:
4 2 6 2 6
   3.3940437996077438e-01    5.0337827656337111e-02    7.4837579383319920e-16
   0.0000000000000000e+00    0.0000000000000000e+00    0.0000000000000000e+00
   0.0000000000000000e+00    0.0000000000000000e+00    0.0000000000000000e+00
   0.0000000000000000e+00    0.0000000000000000e+00    0.0000000000000000e+00
   6.9138800027266495e-02    3.9353116316543729e-01    3.3494937945631501e-16
   0.0000000000000000e+00    0.0000000000000000e+00    0.0000000000000000e+00
   0.0000000000000000e+00    0.0000000000000000e+00    0.0000000000000000e+00
   0.0000000000000000e+00    0.0000000000000000e+00    0.0000000000000000e+00
   1.0068900320343836e-15    3.2147697330676046e-16    3.9204389959617786e-01
   0.0000000000000000e+00    0.0000000000000000e+00    0.0000000000000000e+00
   0.0000000000000000e+00    0.0000000000000000e+00    0.0000000000000000e+00
   0.0000000000000000e+00    0.0000000000000000e+00    0.0000000000000000e+00
   0.0000000000000000e+00    0.0000000000000000e+00    0.0000000000000000e+00
   4.8255020322470660e-01    1.2691277706486540e-01    1.9427625803403690e-15
  -1.4314582326393221e-01   -7.6574949408528298e-02   -1.1943867865071699e-15
   0.0000000000000000e+00    0.0000000000000000e+00    0.0000000000000000e+00
   0.0000000000000000e+00    0.0000000000000000e+00    0.0000000000000000e+00
   1.4297126593893619e-01    4.7539793585101575e-01    3.1759692562860424e-16
  -7.3832465911669698e-02   -8.1866772685578473e-02    1.7352453827710740e-17
   0.0000000000000000e+00    0.0000000000000000e+00    0.0000000000000000e+00
   0.0000000000000000e+00    0.0000000000000000e+00    0.0000000000000000e+00
   2.1084297403066490e-15    3.0703683852740291e-16    4.6857426331387392e-01
  -1.1015397082722654e-15    1.4440134779357596e-17   -7.6530363717696059e-02
   0.0000000000000000e+00    0.0000000000000000e+00    0.0000000000000000e+00
   0.0000000000000000e+00    0.0000000000000000e+00    0.0000000000000000e+00
  -1.4314582326393221e-01   -7.6574949408528298e-02   -1.1943867865071699e-15
   4.8255020322470660e-01    1.2691277706486540e-01    1.9427625803403690e-15
   0.0000000000000000e+00    0.0000000000000000e+00    0.0000000000000000e+00
   0.0000000000000000e+00    0.0000000000000000e+00    0.0000000000000000e+00
  -7.3832465911669698e-02   -8.1866772685578473e-02    1.7352453827710740e-17
   1.4297126593893619e-01    4.7539793585101575e-01    3.1759692562860424e-16
   0.0000000000000000e+00    0.0000000000000000e+00    0.0000000000000000e+00
   0.0000000000000000e+00    0.0000000000000000e+00    0.0000000000000000e+00
  -1.1015397082722654e-15    1.4440134779357596e-17   -7.6530363717696059e-02
   2.1084297403066490e-15    3.0703683852740291e-16    4.6857426331387392e-01
   0.0000000000000000e+00    0.0000000000000000e+00    0.0000000000000000e+00
   0.0000000000000000e+00    0.0000000000000000e+00    0.0000000000000000e+00
   0.0000000000000000e+00    0.0000000000000000e+00    0.0000000000000000e+00
   0.0000000000000000e+00    0.0000000000000000e+00    0.0000000000000000e+00
   3.3940437996077438e-01    5.0337827656337111e-02    7.4837579383319920e-16
   0.0000000000000000e+00    0.0000000000000000e+00    0.0000000000000000e+00
   0.0000000000000000e+00    0.0000000000000000e+00    0.0000000000000000e+00
   0.0000000000000000e+00    0.0000000000000000e+00    0.0000000000000000e+00
   6.9138800027266495e-02    3.9353116316543729e-01    3.3494937945631501e-16
   0.0000000000000000e+00    0.0000000000000000e+00    0.0000000000000000e+00
   0.0000000000000000e+00    0.0000000000000000e+00    0.0000000000000000e+00
   0.0000000000000000e+00    0.0000000000000000e+00    0.0000000000000000e+00
   1.0068900320343836e-15    3.2147697330676046e-16    3.9204389959617786e-01

i2_ooov matrix:
4 2 2 2 6
   0.0000000000000000e+00    0.0000000000000000e+00    0.0000000000000000e+00
   0.0000000000000000e+00    0.0000000000000000e+00    0.0000000000000000e+00
   0.0000000000000000e+00    0.0000000000000000e+00    0.0000000000000000e+00
   0.0000000000000000e+00    0.0000000000000000e+00    0.0000000000000000e+00
   0.0000000000000000e+00    0.0000000000000000e+00    0.0000000000000000e+00
  -5.8436090376253749e-17   -1.3797048340288689e-15    5.7112079886237156e-02
   5.8436090376253749e-17    1.3797048340288689e-15   -5.7112079886237156e-02
   0.0000000000000000e+00    0.0000000000000000e+00    0.0000000000000000e+00
   0.0000000000000000e+00    0.0000000000000000e+00    0.0000000000000000e+00
   5.8436090376253749e-17    1.3797048340288689e-15   -5.7112079886237156e-02
  -5.8436090376253749e-17   -1.3797048340288689e-15    5.7112079886237156e-02
   0.0000000000000000e+00    0.0000000000000000e+00    0.0000000000000000e+00
   0.0000000000000000e+00    0.0000000000000000e+00    0.0000000000000000e+00
   0.0000000000000000e+00    0.0000000000000000e+00    0.0000000000000000e+00
   0.0000000000000000e+00    0.0000000000000000e+00    0.0000000000000000e+00
   0.0000000000000000e+00    0.0000000000000000e+00    0.0000000000000000e+00

i3_ovvv matrix:
4 2 6 6 6
   0.0000000000000000e+00    1.0551462853588750e-15   -4.4171138419200492e-02
   0.0000000000000000e+00    0.0000000000000000e+00    0.0000000000000000e+00
  -1.0551462853588750e-15    0.0000000000000000e+00   -9.8423719335661349e-03
   0.0000000000000000e+00    0.0000000000000000e+00    0.0000000000000000e+00
   4.4171138419200492e-02    9.8423719335661349e-03    0.0000000000000000e+00
   0.0000000000000000e+00    0.0000000000000000e+00    0.0000000000000000e+00
   0.0000000000000000e+00    0.0000000000000000e+00    0.0000000000000000e+00
   0.0000000000000000e+00    0.0000000000000000e+00    0.0000000000000000e+00
   0.0000000000000000e+00    0.0000000000000000e+00    0.0000000000000000e+00
   0.0000000000000000e+00    0.0000000000000000e+00    0.0000000000000000e+00
   0.0000000000000000e+00    0.0000000000000000e+00    0.0000000000000000e+00
   0.0000000000000000e+00    0.0000000000000000e+00    0.0000000000000000e+00
   0.0000000000000000e+00   -1.0669481350273944e-15    2.8389588218056296e-02
   0.0000000000000000e+00    0.0000000000000000e+00    0.0000000000000000e+00
   1.0669481350273944e-15    0.0000000000000000e+00   -2.4593537342175918e-02
   0.0000000000000000e+00    0.0000000000000000e+00    0.0000000000000000e+00
  -2.8389588218056296e-02    2.4593537342175918e-02    0.0000000000000000e+00
   0.0000000000000000e+00    0.0000000000000000e+00    0.0000000000000000e+00
   0.0000000000000000e+00    0.0000000000000000e+00    0.0000000000000000e+00
   0.0000000000000000e+00    0.0000000000000000e+00    0.0000000000000000e+00
   0.0000000000000000e+00    0.0000000000000000e+00    0.0000000000000000e+00
   0.0000000000000000e+00    0.0000000000000000e+00    0.0000000000000000e+00
   0.0000000000000000e+00    0.0000000000000000e+00    0.0000000000000000e+00
   0.0000000000000000e+00    0.0000000000000000e+00    0.0000000000000000e+00
   0.0000000000000000e+00    3.7648569325074904e-02    1.1857087633884289e-15
   0.0000000000000000e+00    0.0000000000000000e+00    0.0000000000000000e+00
  -3.7648569325074904e-02    0.0000000000000000e+00   -5.9798414819876545e-16
   0.0000000000000000e+00    0.0000000000000000e+00    0.0000000000000000e+00
  -1.1857087633884289e-15    5.9798414819876545e-16    0.0000000000000000e+00
   0.0000000000000000e+00    0.0000000000000000e+00    0.0000000000000000e+00
   0.0000000000000000e+00    0.0000000000000000e+00    0.0000000000000000e+00
   0.0000000000000000e+00    0.0000000000000000e+00    0.0000000000000000e+00
   0.0000000000000000e+00    0.0000000000000000e+00    0.0000000000000000e+00
   0.0000000000000000e+00    0.0000000000000000e+00    0.0000000000000000e+00
   0.0000000000000000e+00    0.0000000000000000e+00    0.0000000000000000e+00
   0.0000000000000000e+00    0.0000000000000000e+00    0.0000000000000000e+00
   0.0000000000000000e+00    0.0000000000000000e+00    0.0000000000000000e+00
  -5.2279841637076925e-18   -1.2846067873333425e-15    6.6455161310063487e-02
   0.0000000000000000e+00    0.0000000000000000e+00    0.0000000000000000e+00
  -2.3397530726922167e-15   -2.8705407005221224e-15    7.6126870223356569e-02
   0.0000000000000000e+00    0.0000000000000000e+00    0.0000000000000000e+00
   1.1062629972926398e-01    8.5969242156922698e-02    2.7353543106000117e-15
   5.2279841637076925e-18    2.3397530726922167e-15   -1.1062629972926398e-01
   0.0000000000000000e+00    0.0000000000000000e+00    0.0000000000000000e+00
   1.2846067873333425e-15    2.8705407005221224e-15   -8.5969242156922698e-02
   0.0000000000000000e+00    0.0000000000000000e+00    0.0000000000000000e+00
  -6.6455161310063487e-02   -7.6126870223356569e-02   -2.7353543106000117e-15
   0.0000000000000000e+00    0.0000000000000000e+00    0.0000000000000000e+00
   0.0000000000000000e+00    0.0000000000000000e+00    0.0000000000000000e+00
  -1.5566818702493601e-15   -4.5874997797247386e-15    1.3339747703338475e-01
   0.0000000000000000e+00    0.0000000000000000e+00    0.0000000000000000e+00
  -3.5205516446973437e-15   -6.4667157054273491e-15    1.1039051321783090e-01
   0.0000000000000000e+00    0.0000000000000000e+00    0.0000000000000000e+00
   1.0500788881532845e-01    1.3498405056000681e-01    2.1545146968046131e-15
   1.5566818702493601e-15    3.5205516446973437e-15   -1.0500788881532845e-01
   0.0000000000000000e+00    0.0000000000000000e+00    0.0000000000000000e+00
   4.5874997797247386e-15    6.4667157054273491e-15   -1.3498405056000681e-01
   0.0000000000000000e+00    0.0000000000000000e+00    0.0000000000000000e+00
  -1.3339747703338475e-01   -1.1039051321783090e-01   -2.1545146968046131e-15
   0.0000000000000000e+00    0.0000000000000000e+00    0.0000000000000000e+00
   0.0000000000000000e+00    0.0000000000000000e+00    0.0000000000000000e+00
   7.3027217836231090e-02    1.3862812692250728e-01    4.6154324149366960e-15
   0.0000000000000000e+00    0.0000000000000000e+00    0.0000000000000000e+00
   1.0097955759743235e-01    1.1790886454539359e-01    1.6074047042925401e-15
   0.0000000000000000e+00    0.0000000000000000e+00    0.0000000000000000e+00
   3.4297236515482671e-15    2.2053888524913055e-15    1.1755199946304733e-01
  -7.3027217836231090e-02   -1.0097955759743235e-01   -3.4297236515482671e-15
   0.0000000000000000e+00    0.0000000000000000e+00    0.0000000000000000e+00
  -1.3862812692250728e-01   -1.1790886454539359e-01   -2.2053888524913055e-15
   0.0000000000000000e+00    0.0000000000000000e+00    0.0000000000000000e+00
  -4.6154324149366960e-15   -1.6074047042925401e-15   -1.1755199946304733e-01
   0.0000000000000000e+00    0.0000000000000000e+00    0.0000000000000000e+00
   0.0000000000000000e+00    0.0000000000000000e+00    0.0000000000000000e+00
   5.2279841637076925e-18    2.3397530726922167e-15   -1.1062629972926398e-01
   0.0000000000000000e+00    0.0000000000000000e+00    0.0000000000000000e+00
   1.2846067873333425e-15    2.8705407005221224e-15   -8.5969242156922698e-02
   0.0000000000000000e+00    0.0000000000000000e+00    0.0000000000000000e+00
  -6.6455161310063487e-02   -7.6126870223356569e-02   -2.7353543106000117e-15
  -5.2279841637076925e-18   -1.2846067873333425e-15    6.6455161310063487e-02
   0.0000000000000000e+00    0.0000000000000000e+00    0.0000000000000000e+00
  -2.3397530726922167e-15   -2.8705407005221224e-15    7.6126870223356569e-02
   0.0000000000000000e+00    0.0000000000000000e+00    0.0000000000000000e+00
   1.1062629972926398e-01    8.5969242156922698e-02    2.7353543106000117e-15
   0.0000000000000000e+00    0.0000000000000000e+00    0.0000000000000000e+00
   0.0000000000000000e+00    0.0000000000000000e+00    0.0000000000000000e+00
   1.5566818702493601e-15    3.5205516446973437e-15   -1.0500788881532845e-01
   0.0000000000000000e+00    0.0000000000000000e+00    0.0000000000000000e+00
   4.5874997797247386e-15    6.4667157054273491e-15   -1.3498405056000681e-01
   0.0000000000000000e+00    0.0000000000000000e+00    0.0000000000000000e+00
  -1.3339747703338475e-01   -1.1039051321783090e-01   -2.1545146968046131e-15
  -1.5566818702493601e-15   -4.5874997797247386e-15    1.3339747703338475e-01
   0.0000000000000000e+00    0.0000000000000000e+00    0.0000000000000000e+00
  -3.5205516446973437e-15   -6.4667157054273491e-15    1.1039051321783090e-01
   0.0000000000000000e+00    0.0000000000000000e+00    0.0000000000000000e+00
   1.0500788881532845e-01    1.3498405056000681e-01    2.1545146968046131e-15
   0.0000000000000000e+00    0.0000000000000000e+00    0.0000000000000000e+00
   0.0000000000000000e+00    0.0000000000000000e+00    0.0000000000000000e+00
  -7.3027217836231090e-02   -1.0097955759743235e-01   -3.4297236515482671e-15
   0.0000000000000000e+00    0.0000000000000000e+00    0.0000000000000000e+00
  -1.3862812692250728e-01   -1.1790886454539359e-01   -2.2053888524913055e-15
   0.0000000000000000e+00    0.0000000000000000e+00    0.0000000000000000e+00
  -4.6154324149366960e-15   -1.6074047042925401e-15   -1.1755199946304733e-01
   7.3027217836231090e-02    1.3862812692250728e-01    4.6154324149366960e-15
   0.0000000000000000e+00    0.0000000000000000e+00    0.0000000000000000e+00
   1.0097955759743235e-01    1.1790886454539359e-01    1.6074047042925401e-15
   0.0000000000000000e+00    0.0000000000000000e+00    0.0000000000000000e+00
   3.4297236515482671e-15    2.2053888524913055e-15    1.1755199946304733e-01
   0.0000000000000000e+00    0.0000000000000000e+00    0.0000000000000000e+00
   0.0000000000000000e+00    0.0000000000000000e+00    0.0000000000000000e+00
   0.0000000000000000e+00    0.0000000000000000e+00    0.0000000000000000e+00
   0.0000000000000000e+00    0.0000000000000000e+00    0.0000000000000000e+00
   0.0000000000000000e+00    0.0000000000000000e+00    0.0000000000000000e+00
   0.0000000000000000e+00    0.0000000000000000e+00    0.0000000000000000e+00
   0.0000000000000000e+00    0.0000000000000000e+00    0.0000000000000000e+00
   0.0000000000000000e+00    0.0000000000000000e+00    0.0000000000000000e+00
   0.0000000000000000e+00    1.0551462853588750e-15   -4.4171138419200492e-02
   0.0000000000000000e+00    0.0000000000000000e+00    0.0000000000000000e+00
  -1.0551462853588750e-15    0.0000000000000000e+00   -9.8423719335661349e-03
   0.0000000000000000e+00    0.0000000000000000e+00    0.0000000000000000e+00
   4.4171138419200492e-02    9.8423719335661349e-03    0.0000000000000000e+00
   0.0000000000000000e+00    0.0000000000000000e+00    0.0000000000000000e+00
   0.0000000000000000e+00    0.0000000000000000e+00    0.0000000000000000e+00
   0.0000000000000000e+00    0.0000000000000000e+00    0.0000000000000000e+00
   0.0000000000000000e+00    0.0000000000000000e+00    0.0000000000000000e+00
   0.0000000000000000e+00    0.0000000000000000e+00    0.0000000000000000e+00
   0.0000000000000000e+00    0.0000000000000000e+00    0.0000000000000000e+00
   0.0000000000000000e+00    0.0000000000000000e+00    0.0000000000000000e+00
   0.0000000000000000e+00   -1.0669481350273944e-15    2.8389588218056296e-02
   0.0000000000000000e+00    0.0000000000000000e+00    0.0000000000000000e+00
   1.0669481350273944e-15    0.0000000000000000e+00   -2.4593537342175918e-02
   0.0000000000000000e+00    0.0000000000000000e+00    0.0000000000000000e+00
  -2.8389588218056296e-02    2.4593537342175918e-02    0.0000000000000000e+00
   0.0000000000000000e+00    0.0000000000000000e+00    0.0000000000000000e+00
   0.0000000000000000e+00    0.0000000000000000e+00    0.0000000000000000e+00
   0.0000000000000000e+00    0.0000000000000000e+00    0.0000000000000000e+00
   0.0000000000000000e+00    0.0000000000000000e+00    0.0000000000000000e+00
   0.0000000000000000e+00    0.0000000000000000e+00    0.0000000000000000e+00
   0.0000000000000000e+00    0.0000000000000000e+00    0.0000000000000000e+00
   0.0000000000000000e+00    0.0000000000000000e+00    0.0000000000000000e+00
   0.0000000000000000e+00    3.7648569325074904e-02    1.1857087633884289e-15
   0.0000000000000000e+00    0.0000000000000000e+00    0.0000000000000000e+00
  -3.7648569325074904e-02    0.0000000000000000e+00   -5.9798414819876545e-16
   0.0000000000000000e+00    0.0000000000000000e+00    0.0000000000000000e+00
  -1.1857087633884289e-15    5.9798414819876545e-16    0.0000000000000000e+00

i4_oooo matrix:
4 2 2 2 2
   0.0000000000000000e+00    0.0000000000000000e+00    0.0000000000000000e+00
   0.0000000000000000e+00    0.0000000000000000e+00    4.2484965600570512e-01
  -4.2484965600570512e-01    0.0000000000000000e+00    0.0000000000000000e+00
  -4.2484965600570512e-01    4.2484965600570512e-01    0.0000000000000000e+00
   0.0000000000000000e+00    0.0000000000000000e+00    0.0000000000000000e+00
   0.0000000000000000e+00 
i5_vvvv matrix:
4 6 6 6 6
   0.0000000000000000e+00    0.0000000000000000e+00    0.0000000000000000e+00
   0.0000000000000000e+00    0.0000000000000000e+00    0.0000000000000000e+00
   0.0000000000000000e+00    0.0000000000000000e+00    0.0000000000000000e+00
   0.0000000000000000e+00    0.0000000000000000e+00    0.0000000000000000e+00
   0.0000000000000000e+00    0.0000000000000000e+00    0.0000000000000000e+00
   0.0000000000000000e+00    0.0000000000000000e+00    0.0000000000000000e+00
   0.0000000000000000e+00    0.0000000000000000e+00    0.0000000000000000e+00
   0.0000000000000000e+00    0.0000000000000000e+00    0.0000000000000000e+00
   0.0000000000000000e+00    0.0000000000000000e+00    0.0000000000000000e+00
   0.0000000000000000e+00    0.0000000000000000e+00    0.0000000000000000e+00
   0.0000000000000000e+00    0.0000000000000000e+00    0.0000000000000000e+00
   0.0000000000000000e+00    0.0000000000000000e+00    0.0000000000000000e+00
   0.0000000000000000e+00    3.4939241922869779e-01    7.2844116340697337e-17
   0.0000000000000000e+00    0.0000000000000000e+00    0.0000000000000000e+00
  -3.4939241922869779e-01    0.0000000000000000e+00   -6.3928326171085541e-16
   0.0000000000000000e+00    0.0000000000000000e+00    0.0000000000000000e+00
  -7.2844116340697337e-17    6.3928326171085541e-16    0.0000000000000000e+00
   0.0000000000000000e+00    0.0000000000000000e+00    0.0000000000000000e+00
   0.0000000000000000e+00    0.0000000000000000e+00    0.0000000000000000e+00
   0.0000000000000000e+00    0.0000000000000000e+00    0.0000000000000000e+00
   0.0000000000000000e+00    0.0000000000000000e+00    0.0000000000000000e+00
   0.0000000000000000e+00    0.0000000000000000e+00    0.0000000000000000e+00
   0.0000000000000000e+00    0.0000000000000000e+00    0.0000000000000000e+00
   0.0000000000000000e+00    0.0000000000000000e+00    0.0000000000000000e+00
   0.0000000000000000e+00    7.6339724412323794e-17    3.6542171115925887e-01
   0.0000000000000000e+00    0.0000000000000000e+00    0.0000000000000000e+00
  -7.6339724412323794e-17    0.0000000000000000e+00    3.7824970137434188e-02
   0.0000000000000000e+00    0.0000000000000000e+00    0.0000000000000000e+00
  -3.6542171115925887e-01   -3.7824970137434188e-02    0.0000000000000000e+00
   0.0000000000000000e+00    0.0000000000000000e+00    0.0000000000000000e+00
   0.0000000000000000e+00    0.0000000000000000e+00    0.0000000000000000e+00
   0.0000000000000000e+00    0.0000000000000000e+00    0.0000000000000000e+00
   0.0000000000000000e+00    0.0000000000000000e+00    0.0000000000000000e+00
   0.0000000000000000e+00    0.0000000000000000e+00    0.0000000000000000e+00
   0.0000000000000000e+00    0.0000000000000000e+00    0.0000000000000000e+00
   0.0000000000000000e+00    0.0000000000000000e+00    0.0000000000000000e+00
   0.0000000000000000e+00    0.0000000000000000e+00    0.0000000000000000e+00
   3.7268050122109792e-01    6.7284157090227212e-02    9.1144114187398273e-16
   0.0000000000000000e+00    0.0000000000000000e+00    0.0000000000000000e+00
   6.7284157090227212e-02    6.2029881335689416e-02    3.2872864402772308e-16
   0.0000000000000000e+00    0.0000000000000000e+00    0.0000000000000000e+00
   9.1144114187398273e-16    3.2872864402772308e-16    4.2460177565016050e-02
  -3.7268050122109792e-01   -6.7284157090227212e-02   -9.1144114187398273e-16
   0.0000000000000000e+00    0.0000000000000000e+00    0.0000000000000000e+00
  -6.7284157090227212e-02   -6.2029881335689416e-02   -3.2872864402772308e-16
   0.0000000000000000e+00    0.0000000000000000e+00    0.0000000000000000e+00
  -9.1144114187398273e-16   -3.2872864402772308e-16   -4.2460177565016050e-02
   0.0000000000000000e+00    0.0000000000000000e+00    0.0000000000000000e+00
   0.0000000000000000e+00    0.0000000000000000e+00    0.0000000000000000e+00
   7.9794701653388894e-02    4.3081129455969125e-01    3.7579211887715940e-16
   0.0000000000000000e+00    0.0000000000000000e+00    0.0000000000000000e+00
   8.1418875330993526e-02    1.3146647025534627e-01   -1.7361333236680887e-15
   0.0000000000000000e+00    0.0000000000000000e+00    0.0000000000000000e+00
   3.0294800253646207e-16   -1.0968500619572332e-15    9.2484927481131393e-02
  -7.9794701653388894e-02   -8.1418875330993526e-02   -3.0294800253646207e-16
   0.0000000000000000e+00    0.0000000000000000e+00    0.0000000000000000e+00
  -4.3081129455969125e-01   -1.3146647025534627e-01    1.0968500619572332e-15
   0.0000000000000000e+00    0.0000000000000000e+00    0.0000000000000000e+00
  -3.7579211887715940e-16    1.7361333236680887e-15   -9.2484927481131393e-02
   0.0000000000000000e+00    0.0000000000000000e+00    0.0000000000000000e+00
   0.0000000000000000e+00    0.0000000000000000e+00    0.0000000000000000e+00
   1.1481859609680295e-15    3.7928304047620463e-16    4.2944022043572172e-01
   0.0000000000000000e+00    0.0000000000000000e+00    0.0000000000000000e+00
   3.0294331606388083e-16   -1.8040828183014001e-15    1.3332148836905178e-01
   0.0000000000000000e+00    0.0000000000000000e+00    0.0000000000000000e+00
   6.4018509276462951e-02    9.5496518231617589e-02    5.3194351632689887e-15
  -1.1481859609680295e-15   -3.0294331606388083e-16   -6.4018509276462951e-02
   0.0000000000000000e+00    0.0000000000000000e+00    0.0000000000000000e+00
  -3.7928304047620463e-16    1.8040828183014001e-15   -9.5496518231617589e-02
   0.0000000000000000e+00    0.0000000000000000e+00    0.0000000000000000e+00
  -4.2944022043572172e-01   -1.3332148836905178e-01   -5.3194351632689887e-15
   0.0000000000000000e+00    0.0000000000000000e+00    0.0000000000000000e+00
   0.0000000000000000e+00   -3.4939241922869779e-01   -7.2844116340697337e-17
   0.0000000000000000e+00    0.0000000000000000e+00    0.0000000000000000e+00
   3.4939241922869779e-01    0.0000000000000000e+00    6.3928326171085541e-16
   0.0000000000000000e+00    0.0000000000000000e+00    0.0000000000000000e+00
   7.2844116340697337e-17   -6.3928326171085541e-16    0.0000000000000000e+00
   0.0000000000000000e+00    0.0000000000000000e+00    0.0000000000000000e+00
   0.0000000000000000e+00    0.0000000000000000e+00    0.0000000000000000e+00
   0.0000000000000000e+00    0.0000000000000000e+00    0.0000000000000000e+00
   0.0000000000000000e+00    0.0000000000000000e+00    0.0000000000000000e+00
   0.0000000000000000e+00    0.0000000000000000e+00    0.0000000000000000e+00
   0.0000000000000000e+00    0.0000000000000000e+00    0.0000000000000000e+00
   0.0000000000000000e+00    0.0000000000000000e+00    0.0000000000000000e+00
   0.0000000000000000e+00    0.0000000000000000e+00    0.0000000000000000e+00
   0.0000000000000000e+00    0.0000000000000000e+00    0.0000000000000000e+00
   0.0000000000000000e+00    0.0000000000000000e+00    0.0000000000000000e+00
   0.0000000000000000e+00    0.0000000000000000e+00    0.0000000000000000e+00
   0.0000000000000000e+00    0.0000000000000000e+00    0.0000000000000000e+00
   0.0000000000000000e+00    0.0000000000000000e+00    0.0000000000000000e+00
   0.0000000000000000e+00    0.0000000000000000e+00    0.0000000000000000e+00
   0.0000000000000000e+00    0.0000000000000000e+00    0.0000000000000000e+00
   0.0000000000000000e+00    0.0000000000000000e+00    0.0000000000000000e+00
   0.0000000000000000e+00    0.0000000000000000e+00    0.0000000000000000e+00
   0.0000000000000000e+00    0.0000000000000000e+00    0.0000000000000000e+00
   0.0000000000000000e+00    0.0000000000000000e+00    0.0000000000000000e+00
   0.0000000000000000e+00   -6.8614635078488276e-16    4.0567453634292795e-02
   0.0000000000000000e+00    0.0000000000000000e+00    0.0000000000000000e+00
   6.8614635078488276e-16    0.0000000000000000e+00    2.8182686506029175e-01
   0.0000000000000000e+00    0.0000000000000000e+00    0.0000000000000000e+00
  -4.0567453634292795e-02   -2.8182686506029175e-01    0.0000000000000000e+00
   0.0000000000000000e+00    0.0000000000000000e+00    0.0000000000000000e+00
   0.0000000000000000e+00    0.0000000000000000e+00    0.0000000000000000e+00
   0.0000000000000000e+00    0.0000000000000000e+00    0.0000000000000000e+00
   0.0000000000000000e+00    0.0000000000000000e+00    0.0000000000000000e+00
   0.0000000000000000e+00    0.0000000000000000e+00    0.0000000000000000e+00
   0.0000000000000000e+00    0.0000000000000000e+00    0.0000000000000000e+00
   0.0000000000000000e+00    0.0000000000000000e+00    0.0000000000000000e+00
   0.0000000000000000e+00    0.0000000000000000e+00    0.0000000000000000e+00
   7.9794701653388894e-02    8.1418875330993526e-02    3.0294800253646207e-16
   0.0000000000000000e+00    0.0000000000000000e+00    0.0000000000000000e+00
   4.3081129455969125e-01    1.3146647025534627e-01   -1.0968500619572332e-15
   0.0000000000000000e+00    0.0000000000000000e+00    0.0000000000000000e+00
   3.7579211887715940e-16   -1.7361333236680887e-15    9.2484927481131393e-02
  -7.9794701653388894e-02   -4.3081129455969125e-01   -3.7579211887715940e-16
   0.0000000000000000e+00    0.0000000000000000e+00    0.0000000000000000e+00
  -8.1418875330993526e-02   -1.3146647025534627e-01    1.7361333236680887e-15
   0.0000000000000000e+00    0.0000000000000000e+00    0.0000000000000000e+00
  -3.0294800253646207e-16    1.0968500619572332e-15   -9.2484927481131393e-02
   0.0000000000000000e+00    0.0000000000000000e+00    0.0000000000000000e+00
   0.0000000000000000e+00    0.0000000000000000e+00    0.0000000000000000e+00
   8.2720831409589149e-02    1.3501441456625538e-01   -1.6092218629606043e-15
   0.0000000000000000e+00    0.0000000000000000e+00    0.0000000000000000e+00
   1.3501441456625538e-01    5.0509500495571125e-01   -6.2957924759028048e-15
   0.0000000000000000e+00    0.0000000000000000e+00    0.0000000000000000e+00
  -1.6092218629606043e-15   -6.2957924759028048e-15    2.1505070573917234e-01
  -8.2720831409589149e-02   -1.3501441456625538e-01    1.6092218629606043e-15
   0.0000000000000000e+00    0.0000000000000000e+00    0.0000000000000000e+00
  -1.3501441456625538e-01   -5.0509500495571125e-01    6.2957924759028048e-15
   0.0000000000000000e+00    0.0000000000000000e+00    0.0000000000000000e+00
   1.6092218629606043e-15    6.2957924759028048e-15   -2.1505070573917234e-01
   0.0000000000000000e+00    0.0000000000000000e+00    0.0000000000000000e+00
   0.0000000000000000e+00    0.0000000000000000e+00    0.0000000000000000e+00
   4.5690631335103107e-16   -1.5469073284849126e-15    1.3332148836905178e-01
   0.0000000000000000e+00    0.0000000000000000e+00    0.0000000000000000e+00
  -8.6076097770002991e-16   -6.1897644363336173e-15    4.9539222077439249e-01
   0.0000000000000000e+00    0.0000000000000000e+00    0.0000000000000000e+00
   9.2754034734758989e-02    2.1356535571410068e-01    7.8917117148943387e-15
  -4.5690631335103107e-16    8.6076097770002991e-16   -9.2754034734758989e-02
   0.0000000000000000e+00    0.0000000000000000e+00    0.0000000000000000e+00
   1.5469073284849126e-15    6.1897644363336173e-15   -2.1356535571410068e-01
   0.0000000000000000e+00    0.0000000000000000e+00    0.0000000000000000e+00
  -1.3332148836905178e-01   -4.9539222077439249e-01   -7.8917117148943387e-15
   0.0000000000000000e+00    0.0000000000000000e+00    0.0000000000000000e+00
   0.0000000000000000e+00   -7.6339724412323794e-17   -3.6542171115925887e-01
   0.0000000000000000e+00    0.0000000000000000e+00    0.0000000000000000e+00
   7.6339724412323794e-17    0.0000000000000000e+00   -3.7824970137434188e-02
   0.0000000000000000e+00    0.0000000000000000e+00    0.0000000000000000e+00
   3.6542171115925887e-01    3.7824970137434188e-02    0.0000000000000000e+00
   0.0000000000000000e+00    0.0000000000000000e+00    0.0000000000000000e+00
   0.0000000000000000e+00    0.0000000000000000e+00    0.0000000000000000e+00
   0.0000000000000000e+00    0.0000000000000000e+00    0.0000000000000000e+00
   0.0000000000000000e+00    0.0000000000000000e+00    0.0000000000000000e+00
   0.0000000000000000e+00    0.0000000000000000e+00    0.0000000000000000e+00
   0.0000000000000000e+00    0.0000000000000000e+00    0.0000000000000000e+00
   0.0000000000000000e+00    0.0000000000000000e+00    0.0000000000000000e+00
   0.0000000000000000e+00    6.8614635078488276e-16   -4.0567453634292795e-02
   0.0000000000000000e+00    0.0000000000000000e+00    0.0000000000000000e+00
  -6.8614635078488276e-16    0.0000000000000000e+00   -2.8182686506029175e-01
   0.0000000000000000e+00    0.0000000000000000e+00    0.0000000000000000e+00
   4.0567453634292795e-02    2.8182686506029175e-01    0.0000000000000000e+00
   0.0000000000000000e+00    0.0000000000000000e+00    0.0000000000000000e+00
   0.0000000000000000e+00    0.0000000000000000e+00    0.0000000000000000e+00
   0.0000000000000000e+00    0.0000000000000000e+00    0.0000000000000000e+00
   0.0000000000000000e+00    0.0000000000000000e+00    0.0000000000000000e+00
   0.0000000000000000e+00    0.0000000000000000e+00    0.0000000000000000e+00
   0.0000000000000000e+00    0.0000000000000000e+00    0.0000000000000000e+00
   0.0000000000000000e+00    0.0000000000000000e+00    0.0000000000000000e+00
   0.0000000000000000e+00    0.0000000000000000e+00    0.0000000000000000e+00
   0.0000000000000000e+00    0.0000000000000000e+00    0.0000000000000000e+00
   0.0000000000000000e+00    0.0000000000000000e+00    0.0000000000000000e+00
   0.0000000000000000e+00    0.0000000000000000e+00    0.0000000000000000e+00
   0.0000000000000000e+00    0.0000000000000000e+00    0.0000000000000000e+00
   0.0000000000000000e+00    0.0000000000000000e+00    0.0000000000000000e+00
   0.0000000000000000e+00    0.0000000000000000e+00    0.0000000000000000e+00
   0.0000000000000000e+00    0.0000000000000000e+00    0.0000000000000000e+00
   0.0000000000000000e+00    0.0000000000000000e+00    0.0000000000000000e+00
   0.0000000000000000e+00    0.0000000000000000e+00    0.0000000000000000e+00
   0.0000000000000000e+00    0.0000000000000000e+00    0.0000000000000000e+00
   0.0000000000000000e+00    0.0000000000000000e+00    0.0000000000000000e+00
   0.0000000000000000e+00    0.0000000000000000e+00    0.0000000000000000e+00
   1.1481859609680295e-15    3.0294331606388083e-16    6.4018509276462951e-02
   0.0000000000000000e+00    0.0000000000000000e+00    0.0000000000000000e+00
   3.7928304047620463e-16   -1.8040828183014001e-15    9.5496518231617589e-02
   0.0000000000000000e+00    0.0000000000000000e+00    0.0000000000000000e+00
   4.2944022043572172e-01    1.3332148836905178e-01    5.3194351632689887e-15
  -1.1481859609680295e-15   -3.7928304047620463e-16   -4.2944022043572172e-01
   0.0000000000000000e+00    0.0000000000000000e+00    0.0000000000000000e+00
  -3.0294331606388083e-16    1.8040828183014001e-15   -1.3332148836905178e-01
   0.0000000000000000e+00    0.0000000000000000e+00    0.0000000000000000e+00
  -6.4018509276462951e-02   -9.5496518231617589e-02   -5.3194351632689887e-15
   0.0000000000000000e+00    0.0000000000000000e+00    0.0000000000000000e+00
   0.0000000000000000e+00    0.0000000000000000e+00    0.0000000000000000e+00
   4.5690631335103107e-16   -8.6076097770002991e-16    9.2754034734758989e-02
   0.0000000000000000e+00    0.0000000000000000e+00    0.0000000000000000e+00
  -1.5469073284849126e-15   -6.1897644363336173e-15    2.1356535571410068e-01
   0.0000000000000000e+00    0.0000000000000000e+00    0.0000000000000000e+00
   1.3332148836905178e-01    4.9539222077439249e-01    7.8917117148943387e-15
  -4.5690631335103107e-16    1.5469073284849126e-15   -1.3332148836905178e-01
   0.0000000000000000e+00    0.0000000000000000e+00    0.0000000000000000e+00
   8.6076097770002991e-16    6.1897644363336173e-15   -4.9539222077439249e-01
   0.0000000000000000e+00    0.0000000000000000e+00    0.0000000000000000e+00
  -9.2754034734758989e-02   -2.1356535571410068e-01   -7.8917117148943387e-15
   0.0000000000000000e+00    0.0000000000000000e+00    0.0000000000000000e+00
   0.0000000000000000e+00    0.0000000000000000e+00    0.0000000000000000e+00
   5.9757487491482561e-02    8.9378595257191773e-02    5.2934463638567977e-15
   0.0000000000000000e+00    0.0000000000000000e+00    0.0000000000000000e+00
   8.9378595257191773e-02    2.0883889216152204e-01    7.7879058694640060e-15
   0.0000000000000000e+00    0.0000000000000000e+00    0.0000000000000000e+00
   5.2934463638567977e-15    7.7879058694640060e-15    4.9147649062779875e-01
  -5.9757487491482561e-02   -8.9378595257191773e-02   -5.2934463638567977e-15
   0.0000000000000000e+00    0.0000000000000000e+00    0.0000000000000000e+00
  -8.9378595257191773e-02   -2.0883889216152204e-01   -7.7879058694640060e-15
   0.0000000000000000e+00    0.0000000000000000e+00    0.0000000000000000e+00
  -5.2934463638567977e-15   -7.7879058694640060e-15   -4.9147649062779875e-01
   0.0000000000000000e+00    0.0000000000000000e+00    0.0000000000000000e+00
   0.0000000000000000e+00    0.0000000000000000e+00    0.0000000000000000e+00
  -3.7268050122109792e-01   -6.7284157090227212e-02   -9.1144114187398273e-16
   0.0000000000000000e+00    0.0000000000000000e+00    0.0000000000000000e+00
  -6.7284157090227212e-02   -6.2029881335689416e-02   -3.2872864402772308e-16
   0.0000000000000000e+00    0.0000000000000000e+00    0.0000000000000000e+00
  -9.1144114187398273e-16   -3.2872864402772308e-16   -4.2460177565016050e-02
   3.7268050122109792e-01    6.7284157090227212e-02    9.1144114187398273e-16
   0.0000000000000000e+00    0.0000000000000000e+00    0.0000000000000000e+00
   6.7284157090227212e-02    6.2029881335689416e-02    3.2872864402772308e-16
   0.0000000000000000e+00    0.0000000000000000e+00    0.0000000000000000e+00
   9.1144114187398273e-16    3.2872864402772308e-16    4.2460177565016050e-02
   0.0000000000000000e+00    0.0000000000000000e+00    0.0000000000000000e+00
   0.0000000000000000e+00    0.0000000000000000e+00    0.0000000000000000e+00
  -7.9794701653388894e-02   -8.1418875330993526e-02   -3.0294800253646207e-16
   0.0000000000000000e+00    0.0000000000000000e+00    0.0000000000000000e+00
  -4.3081129455969125e-01   -1.3146647025534627e-01    1.0968500619572332e-15
   0.0000000000000000e+00    0.0000000000000000e+00    0.0000000000000000e+00
  -3.7579211887715940e-16    1.7361333236680887e-15   -9.2484927481131393e-02
   7.9794701653388894e-02    4.3081129455969125e-01    3.7579211887715940e-16
   0.0000000000000000e+00    0.0000000000000000e+00    0.0000000000000000e+00
   8.1418875330993526e-02    1.3146647025534627e-01   -1.7361333236680887e-15
   0.0000000000000000e+00    0.0000000000000000e+00    0.0000000000000000e+00
   3.0294800253646207e-16   -1.0968500619572332e-15    9.2484927481131393e-02
   0.0000000000000000e+00    0.0000000000000000e+00    0.0000000000000000e+00
   0.0000000000000000e+00    0.0000000000000000e+00    0.0000000000000000e+00
  -1.1481859609680295e-15   -3.0294331606388083e-16   -6.4018509276462951e-02
   0.0000000000000000e+00    0.0000000000000000e+00    0.0000000000000000e+00
  -3.7928304047620463e-16    1.8040828183014001e-15   -9.5496518231617589e-02
   0.0000000000000000e+00    0.0000000000000000e+00    0.0000000000000000e+00
  -4.2944022043572172e-01   -1.3332148836905178e-01   -5.3194351632689887e-15
   1.1481859609680295e-15    3.7928304047620463e-16    4.2944022043572172e-01
   0.0000000000000000e+00    0.0000000000000000e+00    0.0000000000000000e+00
   3.0294331606388083e-16   -1.8040828183014001e-15    1.3332148836905178e-01
   0.0000000000000000e+00    0.0000000000000000e+00    0.0000000000000000e+00
   6.4018509276462951e-02    9.5496518231617589e-02    5.3194351632689887e-15
   0.0000000000000000e+00    0.0000000000000000e+00    0.0000000000000000e+00
   0.0000000000000000e+00    0.0000000000000000e+00    0.0000000000000000e+00
   0.0000000000000000e+00    0.0000000000000000e+00    0.0000000000000000e+00
   0.0000000000000000e+00    0.0000000000000000e+00    0.0000000000000000e+00
   0.0000000000000000e+00    0.0000000000000000e+00    0.0000000000000000e+00
   0.0000000000000000e+00    0.0000000000000000e+00    0.0000000000000000e+00
   0.0000000000000000e+00    0.0000000000000000e+00    0.0000000000000000e+00
   0.0000000000000000e+00    0.0000000000000000e+00    0.0000000000000000e+00
   0.0000000000000000e+00    0.0000000000000000e+00    0.0000000000000000e+00
   0.0000000000000000e+00    0.0000000000000000e+00    0.0000000000000000e+00
   0.0000000000000000e+00    0.0000000000000000e+00    0.0000000000000000e+00
   0.0000000000000000e+00    0.0000000000000000e+00    0.0000000000000000e+00
   0.0000000000000000e+00    0.0000000000000000e+00    0.0000000000000000e+00
   0.0000000000000000e+00    0.0000000000000000e+00    0.0000000000000000e+00
   0.0000000000000000e+00    0.0000000000000000e+00    0.0000000000000000e+00
   0.0000000000000000e+00    0.0000000000000000e+00    0.0000000000000000e+00
   0.0000000000000000e+00    0.0000000000000000e+00    0.0000000000000000e+00
   0.0000000000000000e+00    0.0000000000000000e+00    0.0000000000000000e+00
   0.0000000000000000e+00    0.0000000000000000e+00    0.0000000000000000e+00
   0.0000000000000000e+00    0.0000000000000000e+00    0.0000000000000000e+00
   0.0000000000000000e+00    3.4939241922869779e-01    7.2844116340697337e-17
   0.0000000000000000e+00    0.0000000000000000e+00    0.0000000000000000e+00
  -3.4939241922869779e-01    0.0000000000000000e+00   -6.3928326171085541e-16
   0.0000000000000000e+00    0.0000000000000000e+00    0.0000000000000000e+00
  -7.2844116340697337e-17    6.3928326171085541e-16    0.0000000000000000e+00
   0.0000000000000000e+00    0.0000000000000000e+00    0.0000000000000000e+00
   0.0000000000000000e+00    0.0000000000000000e+00    0.0000000000000000e+00
   0.0000000000000000e+00    0.0000000000000000e+00    0.0000000000000000e+00
   0.0000000000000000e+00    0.0000000000000000e+00    0.0000000000000000e+00
   0.0000000000000000e+00    0.0000000000000000e+00    0.0000000000000000e+00
   0.0000000000000000e+00    0.0000000000000000e+00    0.0000000000000000e+00
   0.0000000000000000e+00    0.0000000000000000e+00    0.0000000000000000e+00
   0.0000000000000000e+00    7.6339724412323794e-17    3.6542171115925887e-01
   0.0000000000000000e+00    0.0000000000000000e+00    0.0000000000000000e+00
  -7.6339724412323794e-17    0.0000000000000000e+00    3.7824970137434188e-02
   0.0000000000000000e+00    0.0000000000000000e+00    0.0000000000000000e+00
  -3.6542171115925887e-01   -3.7824970137434188e-02    0.0000000000000000e+00
   0.0000000000000000e+00    0.0000000000000000e+00    0.0000000000000000e+00
  -7.9794701653388894e-02   -4.3081129455969125e-01   -3.7579211887715940e-16
   0.0000000000000000e+00    0.0000000000000000e+00    0.0000000000000000e+00
  -8.1418875330993526e-02   -1.3146647025534627e-01    1.7361333236680887e-15
   0.0000000000000000e+00    0.0000000000000000e+00    0.0000000000000000e+00
  -3.0294800253646207e-16    1.0968500619572332e-15   -9.2484927481131393e-02
   7.9794701653388894e-02    8.1418875330993526e-02    3.0294800253646207e-16
   0.0000000000000000e+00    0.0000000000000000e+00    0.0000000000000000e+00
   4.3081129455969125e-01    1.3146647025534627e-01   -1.0968500619572332e-15
   0.0000000000000000e+00    0.0000000000000000e+00    0.0000000000000000e+00
   3.7579211887715940e-16   -1.7361333236680887e-15    9.2484927481131393e-02
   0.0000000000000000e+00    0.0000000000000000e+00    0.0000000000000000e+00
   0.0000000000000000e+00    0.0000000000000000e+00    0.0000000000000000e+00
  -8.2720831409589149e-02   -1.3501441456625538e-01    1.6092218629606043e-15
   0.0000000000000000e+00    0.0000000000000000e+00    0.0000000000000000e+00
  -1.3501441456625538e-01   -5.0509500495571125e-01    6.2957924759028048e-15
   0.0000000000000000e+00    0.0000000000000000e+00    0.0000000000000000e+00
   1.6092218629606043e-15    6.2957924759028048e-15   -2.1505070573917234e-01
   8.2720831409589149e-02    1.3501441456625538e-01   -1.6092218629606043e-15
   0.0000000000000000e+00    0.0000000000000000e+00    0.0000000000000000e+00
   1.3501441456625538e-01    5.0509500495571125e-01   -6.2957924759028048e-15
   0.0000000000000000e+00    0.0000000000000000e+00    0.0000000000000000e+00
  -1.6092218629606043e-15   -6.2957924759028048e-15    2.1505070573917234e-01
   0.0000000000000000e+00    0.0000000000000000e+00    0.0000000000000000e+00
   0.0000000000000000e+00    0.0000000000000000e+00    0.0000000000000000e+00
  -4.5690631335103107e-16    8.6076097770002991e-16   -9.2754034734758989e-02
   0.0000000000000000e+00    0.0000000000000000e+00    0.0000000000000000e+00
   1.5469073284849126e-15    6.1897644363336173e-15   -2.1356535571410068e-01
   0.0000000000000000e+00    0.0000000000000000e+00    0.0000000000000000e+00
  -1.3332148836905178e-01   -4.9539222077439249e-01   -7.8917117148943387e-15
   4.5690631335103107e-16   -1.5469073284849126e-15    1.3332148836905178e-01
   0.0000000000000000e+00    0.0000000000000000e+00    0.0000000000000000e+00
  -8.6076097770002991e-16   -6.1897644363336173e-15    4.9539222077439249e-01
   0.0000000000000000e+00    0.0000000000000000e+00    0.0000000000000000e+00
   9.2754034734758989e-02    2.1356535571410068e-01    7.8917117148943387e-15
   0.0000000000000000e+00    0.0000000000000000e+00    0.0000000000000000e+00
   0.0000000000000000e+00    0.0000000000000000e+00    0.0000000000000000e+00
   0.0000000000000000e+00    0.0000000000000000e+00    0.0000000000000000e+00
   0.0000000000000000e+00    0.0000000000000000e+00    0.0000000000000000e+00
   0.0000000000000000e+00    0.0000000000000000e+00    0.0000000000000000e+00
   0.0000000000000000e+00    0.0000000000000000e+00    0.0000000000000000e+00
   0.0000000000000000e+00    0.0000000000000000e+00    0.0000000000000000e+00
   0.0000000000000000e+00    0.0000000000000000e+00    0.0000000000000000e+00
   0.0000000000000000e+00   -3.4939241922869779e-01   -7.2844116340697337e-17
   0.0000000000000000e+00    0.0000000000000000e+00    0.0000000000000000e+00
   3.4939241922869779e-01    0.0000000000000000e+00    6.3928326171085541e-16
   0.0000000000000000e+00    0.0000000000000000e+00    0.0000000000000000e+00
   7.2844116340697337e-17   -6.3928326171085541e-16    0.0000000000000000e+00
   0.0000000000000000e+00    0.0000000000000000e+00    0.0000000000000000e+00
   0.0000000000000000e+00    0.0000000000000000e+00    0.0000000000000000e+00
   0.0000000000000000e+00    0.0000000000000000e+00    0.0000000000000000e+00
   0.0000000000000000e+00    0.0000000000000000e+00    0.0000000000000000e+00
   0.0000000000000000e+00    0.0000000000000000e+00    0.0000000000000000e+00
   0.0000000000000000e+00    0.0000000000000000e+00    0.0000000000000000e+00
   0.0000000000000000e+00    0.0000000000000000e+00    0.0000000000000000e+00
   0.0000000000000000e+00    0.0000000000000000e+00    0.0000000000000000e+00
   0.0000000000000000e+00    0.0000000000000000e+00    0.0000000000000000e+00
   0.0000000000000000e+00    0.0000000000000000e+00    0.0000000000000000e+00
   0.0000000000000000e+00    0.0000000000000000e+00    0.0000000000000000e+00
   0.0000000000000000e+00    0.0000000000000000e+00    0.0000000000000000e+00
   0.0000000000000000e+00    0.0000000000000000e+00    0.0000000000000000e+00
   0.0000000000000000e+00    0.0000000000000000e+00    0.0000000000000000e+00
   0.0000000000000000e+00    0.0000000000000000e+00    0.0000000000000000e+00
   0.0000000000000000e+00    0.0000000000000000e+00    0.0000000000000000e+00
   0.0000000000000000e+00    0.0000000000000000e+00    0.0000000000000000e+00
   0.0000000000000000e+00    0.0000000000000000e+00    0.0000000000000000e+00
   0.0000000000000000e+00    0.0000000000000000e+00    0.0000000000000000e+00
   0.0000000000000000e+00   -6.8614635078488276e-16    4.0567453634292795e-02
   0.0000000000000000e+00    0.0000000000000000e+00    0.0000000000000000e+00
   6.8614635078488276e-16    0.0000000000000000e+00    2.8182686506029175e-01
   0.0000000000000000e+00    0.0000000000000000e+00    0.0000000000000000e+00
  -4.0567453634292795e-02   -2.8182686506029175e-01    0.0000000000000000e+00
   0.0000000000000000e+00    0.0000000000000000e+00    0.0000000000000000e+00
  -1.1481859609680295e-15   -3.7928304047620463e-16   -4.2944022043572172e-01
   0.0000000000000000e+00    0.0000000000000000e+00    0.0000000000000000e+00
  -3.0294331606388083e-16    1.8040828183014001e-15   -1.3332148836905178e-01
   0.0000000000000000e+00    0.0000000000000000e+00    0.0000000000000000e+00
  -6.4018509276462951e-02   -9.5496518231617589e-02   -5.3194351632689887e-15
   1.1481859609680295e-15    3.0294331606388083e-16    6.4018509276462951e-02
   0.0000000000000000e+00    0.0000000000000000e+00    0.0000000000000000e+00
   3.7928304047620463e-16   -1.8040828183014001e-15    9.5496518231617589e-02
   0.0000000000000000e+00    0.0000000000000000e+00    0.0000000000000000e+00
   4.2944022043572172e-01    1.3332148836905178e-01    5.3194351632689887e-15
   0.0000000000000000e+00    0.0000000000000000e+00    0.0000000000000000e+00
   0.0000000000000000e+00    0.0000000000000000e+00    0.0000000000000000e+00
  -4.5690631335103107e-16    1.5469073284849126e-15   -1.3332148836905178e-01
   0.0000000000000000e+00    0.0000000000000000e+00    0.0000000000000000e+00
   8.6076097770002991e-16    6.1897644363336173e-15   -4.9539222077439249e-01
   0.0000000000000000e+00    0.0000000000000000e+00    0.0000000000000000e+00
  -9.2754034734758989e-02   -2.1356535571410068e-01   -7.8917117148943387e-15
   4.5690631335103107e-16   -8.6076097770002991e-16    9.2754034734758989e-02
   0.0000000000000000e+00    0.0000000000000000e+00    0.0000000000000000e+00
  -1.5469073284849126e-15   -6.1897644363336173e-15    2.1356535571410068e-01
   0.0000000000000000e+00    0.0000000000000000e+00    0.0000000000000000e+00
   1.3332148836905178e-01    4.9539222077439249e-01    7.8917117148943387e-15
   0.0000000000000000e+00    0.0000000000000000e+00    0.0000000000000000e+00
   0.0000000000000000e+00    0.0000000000000000e+00    0.0000000000000000e+00
  -5.9757487491482561e-02   -8.9378595257191773e-02   -5.2934463638567977e-15
   0.0000000000000000e+00    0.0000000000000000e+00    0.0000000000000000e+00
  -8.9378595257191773e-02   -2.0883889216152204e-01   -7.7879058694640060e-15
   0.0000000000000000e+00    0.0000000000000000e+00    0.0000000000000000e+00
  -5.2934463638567977e-15   -7.7879058694640060e-15   -4.9147649062779875e-01
   5.9757487491482561e-02    8.9378595257191773e-02    5.2934463638567977e-15
   0.0000000000000000e+00    0.0000000000000000e+00    0.0000000000000000e+00
   8.9378595257191773e-02    2.0883889216152204e-01    7.7879058694640060e-15
   0.0000000000000000e+00    0.0000000000000000e+00    0.0000000000000000e+00
   5.2934463638567977e-15    7.7879058694640060e-15    4.9147649062779875e-01
   0.0000000000000000e+00    0.0000000000000000e+00    0.0000000000000000e+00
   0.0000000000000000e+00    0.0000000000000000e+00    0.0000000000000000e+00
   0.0000000000000000e+00    0.0000000000000000e+00    0.0000000000000000e+00
   0.0000000000000000e+00    0.0000000000000000e+00    0.0000000000000000e+00
   0.0000000000000000e+00    0.0000000000000000e+00    0.0000000000000000e+00
   0.0000000000000000e+00    0.0000000000000000e+00    0.0000000000000000e+00
   0.0000000000000000e+00    0.0000000000000000e+00    0.0000000000000000e+00
   0.0000000000000000e+00    0.0000000000000000e+00    0.0000000000000000e+00
   0.0000000000000000e+00   -7.6339724412323794e-17   -3.6542171115925887e-01
   0.0000000000000000e+00    0.0000000000000000e+00    0.0000000000000000e+00
   7.6339724412323794e-17    0.0000000000000000e+00   -3.7824970137434188e-02
   0.0000000000000000e+00    0.0000000000000000e+00    0.0000000000000000e+00
   3.6542171115925887e-01    3.7824970137434188e-02    0.0000000000000000e+00
   0.0000000000000000e+00    0.0000000000000000e+00    0.0000000000000000e+00
   0.0000000000000000e+00    0.0000000000000000e+00    0.0000000000000000e+00
   0.0000000000000000e+00    0.0000000000000000e+00    0.0000000000000000e+00
   0.0000000000000000e+00    0.0000000000000000e+00    0.0000000000000000e+00
   0.0000000000000000e+00    0.0000000000000000e+00    0.0000000000000000e+00
   0.0000000000000000e+00    0.0000000000000000e+00    0.0000000000000000e+00
   0.0000000000000000e+00    0.0000000000000000e+00    0.0000000000000000e+00
   0.0000000000000000e+00    6.8614635078488276e-16   -4.0567453634292795e-02
   0.0000000000000000e+00    0.0000000000000000e+00    0.0000000000000000e+00
  -6.8614635078488276e-16    0.0000000000000000e+00   -2.8182686506029175e-01
   0.0000000000000000e+00    0.0000000000000000e+00    0.0000000000000000e+00
   4.0567453634292795e-02    2.8182686506029175e-01    0.0000000000000000e+00
   0.0000000000000000e+00    0.0000000000000000e+00    0.0000000000000000e+00
   0.0000000000000000e+00    0.0000000000000000e+00    0.0000000000000000e+00
   0.0000000000000000e+00    0.0000000000000000e+00    0.0000000000000000e+00
   0.0000000000000000e+00    0.0000000000000000e+00    0.0000000000000000e+00
   0.0000000000000000e+00    0.0000000000000000e+00    0.0000000000000000e+00
   0.0000000000000000e+00    0.0000000000000000e+00    0.0000000000000000e+00
   0.0000000000000000e+00    0.0000000000000000e+00    0.0000000000000000e+00
   0.0000000000000000e+00    0.0000000000000000e+00    0.0000000000000000e+00
   0.0000000000000000e+00    0.0000000000000000e+00    0.0000000000000000e+00
   0.0000000000000000e+00    0.0000000000000000e+00    0.0000000000000000e+00
   0.0000000000000000e+00    0.0000000000000000e+00    0.0000000000000000e+00
   0.0000000000000000e+00    0.0000000000000000e+00    0.0000000000000000e+00

i6_ooov matrix:
4 2 2 2 6
   0.0000000000000000e+00    0.0000000000000000e+00    0.0000000000000000e+00
   0.0000000000000000e+00    0.0000000000000000e+00    0.0000000000000000e+00
   0.0000000000000000e+00    0.0000000000000000e+00    0.0000000000000000e+00
   0.0000000000000000e+00    0.0000000000000000e+00    0.0000000000000000e+00
   0.0000000000000000e+00    0.0000000000000000e+00    0.0000000000000000e+00
  -5.7256508527186489e-17   -2.1613940972638536e-15    9.3843797695953704e-02
   5.7256508527186489e-17    2.1613940972638536e-15   -9.3843797695953704e-02
   0.0000000000000000e+00    0.0000000000000000e+00    0.0000000000000000e+00
   0.0000000000000000e+00    0.0000000000000000e+00    0.0000000000000000e+00
   5.7256508527186489e-17    2.1613940972638536e-15   -9.3843797695953704e-02
  -5.7256508527186489e-17   -2.1613940972638536e-15    9.3843797695953704e-02
   0.0000000000000000e+00    0.0000000000000000e+00    0.0000000000000000e+00
   0.0000000000000000e+00    0.0000000000000000e+00    0.0000000000000000e+00
   0.0000000000000000e+00    0.0000000000000000e+00    0.0000000000000000e+00
   0.0000000000000000e+00    0.0000000000000000e+00    0.0000000000000000e+00
   0.0000000000000000e+00    0.0000000000000000e+00    0.0000000000000000e+00

i7_ovvv matrix:
4 2 6 6 6
   0.0000000000000000e+00    6.5225602696727947e-16   -2.0847273193600253e-02
   0.0000000000000000e+00    0.0000000000000000e+00    0.0000000000000000e+00
  -6.5225602696727947e-16    0.0000000000000000e+00   -5.5265897137337788e-03
   0.0000000000000000e+00    0.0000000000000000e+00    0.0000000000000000e+00
   2.0847273193600253e-02    5.5265897137337788e-03    0.0000000000000000e+00
   0.0000000000000000e+00    0.0000000000000000e+00    0.0000000000000000e+00
   0.0000000000000000e+00    0.0000000000000000e+00    0.0000000000000000e+00
   0.0000000000000000e+00    0.0000000000000000e+00    0.0000000000000000e+00
   0.0000000000000000e+00    0.0000000000000000e+00    0.0000000000000000e+00
   0.0000000000000000e+00    0.0000000000000000e+00    0.0000000000000000e+00
   0.0000000000000000e+00    0.0000000000000000e+00    0.0000000000000000e+00
   0.0000000000000000e+00    0.0000000000000000e+00    0.0000000000000000e+00
   0.0000000000000000e+00   -2.8102520310824275e-15    8.2855596131234804e-02
   0.0000000000000000e+00    0.0000000000000000e+00    0.0000000000000000e+00
   2.8102520310824275e-15    0.0000000000000000e+00   -1.6559574348058020e-02
   0.0000000000000000e+00    0.0000000000000000e+00    0.0000000000000000e+00
  -8.2855596131234804e-02    1.6559574348058020e-02    0.0000000000000000e+00
   0.0000000000000000e+00    0.0000000000000000e+00    0.0000000000000000e+00
   0.0000000000000000e+00    0.0000000000000000e+00    0.0000000000000000e+00
   0.0000000000000000e+00    0.0000000000000000e+00    0.0000000000000000e+00
   0.0000000000000000e+00    0.0000000000000000e+00    0.0000000000000000e+00
   0.0000000000000000e+00    0.0000000000000000e+00    0.0000000000000000e+00
   0.0000000000000000e+00    0.0000000000000000e+00    0.0000000000000000e+00
   0.0000000000000000e+00    0.0000000000000000e+00    0.0000000000000000e+00
   0.0000000000000000e+00    8.8382185844968569e-02    2.9871938256320618e-15
   0.0000000000000000e+00    0.0000000000000000e+00    0.0000000000000000e+00
  -8.8382185844968569e-02    0.0000000000000000e+00   -4.9960036108132044e-16
   0.0000000000000000e+00    0.0000000000000000e+00    0.0000000000000000e+00
  -2.9871938256320618e-15    4.9960036108132044e-16    0.0000000000000000e+00
   0.0000000000000000e+00    0.0000000000000000e+00    0.0000000000000000e+00
   0.0000000000000000e+00    0.0000000000000000e+00    0.0000000000000000e+00
   0.0000000000000000e+00    0.0000000000000000e+00    0.0000000000000000e+00
   0.0000000000000000e+00    0.0000000000000000e+00    0.0000000000000000e+00
   0.0000000000000000e+00    0.0000000000000000e+00    0.0000000000000000e+00
   0.0000000000000000e+00    0.0000000000000000e+00    0.0000000000000000e+00
   0.0000000000000000e+00    0.0000000000000000e+00    0.0000000000000000e+00
   0.0000000000000000e+00    0.0000000000000000e+00    0.0000000000000000e+00
   4.2698748022423726e-17   -1.2283534366981045e-15    6.1704257812528938e-02
   0.0000000000000000e+00    0.0000000000000000e+00    0.0000000000000000e+00
  -1.8806094636653839e-15   -2.6970834791979511e-15    7.0420105798320545e-02
   0.0000000000000000e+00    0.0000000000000000e+00    0.0000000000000000e+00
   8.2551531006129192e-02    7.5946695512054324e-02    2.3909490916964455e-15
  -4.2698748022423726e-17    1.8806094636653839e-15   -8.2551531006129192e-02
   0.0000000000000000e+00    0.0000000000000000e+00    0.0000000000000000e+00
   1.2283534366981045e-15    2.6970834791979511e-15   -7.5946695512054324e-02
   0.0000000000000000e+00    0.0000000000000000e+00    0.0000000000000000e+00
  -6.1704257812528938e-02   -7.0420105798320545e-02   -2.3909490916964455e-15
   0.0000000000000000e+00    0.0000000000000000e+00    0.0000000000000000e+00
   0.0000000000000000e+00    0.0000000000000000e+00    0.0000000000000000e+00
  -1.1263451240267775e-15   -5.2566916849035297e-15    1.5880229164328905e-01
   0.0000000000000000e+00    0.0000000000000000e+00    0.0000000000000000e+00
  -2.4464396538211022e-15   -6.2655374041769381e-15    1.1032092319956768e-01
   0.0000000000000000e+00    0.0000000000000000e+00    0.0000000000000000e+00
   7.5946695512054241e-02    1.2688049754762570e-01    1.9900770578889521e-15
   1.1263451240267775e-15    2.4464396538211022e-15   -7.5946695512054241e-02
   0.0000000000000000e+00    0.0000000000000000e+00    0.0000000000000000e+00
   5.2566916849035297e-15    6.2655374041769381e-15   -1.2688049754762570e-01
   0.0000000000000000e+00    0.0000000000000000e+00    0.0000000000000000e+00
  -1.5880229164328905e-01   -1.1032092319956768e-01   -1.9900770578889521e-15
   0.0000000000000000e+00    0.0000000000000000e+00    0.0000000000000000e+00
   0.0000000000000000e+00    0.0000000000000000e+00    0.0000000000000000e+00
   5.7321880328852610e-02    1.5657908735510492e-01    5.4065578765344832e-15
   0.0000000000000000e+00    0.0000000000000000e+00    0.0000000000000000e+00
   6.8196901510136340e-02    1.0788683429834596e-01    1.3633067229697586e-15
   0.0000000000000000e+00    0.0000000000000000e+00    0.0000000000000000e+00
   2.4193640509024218e-15    1.8629070840510791e-15    1.1621233207386140e-01
  -5.7321880328852610e-02   -6.8196901510136340e-02   -2.4193640509024218e-15
   0.0000000000000000e+00    0.0000000000000000e+00    0.0000000000000000e+00
  -1.5657908735510492e-01   -1.0788683429834596e-01   -1.8629070840510791e-15
   0.0000000000000000e+00    0.0000000000000000e+00    0.0000000000000000e+00
  -5.4065578765344832e-15   -1.3633067229697586e-15   -1.1621233207386140e-01
   0.0000000000000000e+00    0.0000000000000000e+00    0.0000000000000000e+00
   0.0000000000000000e+00    0.0000000000000000e+00    0.0000000000000000e+00
  -4.2698748022423726e-17    1.8806094636653839e-15   -8.2551531006129192e-02
   0.0000000000000000e+00    0.0000000000000000e+00    0.0000000000000000e+00
   1.2283534366981045e-15    2.6970834791979511e-15   -7.5946695512054324e-02
   0.0000000000000000e+00    0.0000000000000000e+00    0.0000000000000000e+00
  -6.1704257812528938e-02   -7.0420105798320545e-02   -2.3909490916964455e-15
   4.2698748022423726e-17   -1.2283534366981045e-15    6.1704257812528938e-02
   0.0000000000000000e+00    0.0000000000000000e+00    0.0000000000000000e+00
  -1.8806094636653839e-15   -2.6970834791979511e-15    7.0420105798320545e-02
   0.0000000000000000e+00    0.0000000000000000e+00    0.0000000000000000e+00
   8.2551531006129192e-02    7.5946695512054324e-02    2.3909490916964455e-15
   0.0000000000000000e+00    0.0000000000000000e+00    0.0000000000000000e+00
   0.0000000000000000e+00    0.0000000000000000e+00    0.0000000000000000e+00
   1.1263451240267775e-15    2.4464396538211022e-15   -7.5946695512054241e-02
   0.0000000000000000e+00    0.0000000000000000e+00    0.0000000000000000e+00
   5.2566916849035297e-15    6.2655374041769381e-15   -1.2688049754762570e-01
   0.0000000000000000e+00    0.0000000000000000e+00    0.0000000000000000e+00
  -1.5880229164328905e-01   -1.1032092319956768e-01   -1.9900770578889521e-15
  -1.1263451240267775e-15   -5.2566916849035297e-15    1.5880229164328905e-01
   0.0000000000000000e+00    0.0000000000000000e+00    0.0000000000000000e+00
  -2.4464396538211022e-15   -6.2655374041769381e-15    1.1032092319956768e-01
   0.0000000000000000e+00    0.0000000000000000e+00    0.0000000000000000e+00
   7.5946695512054241e-02    1.2688049754762570e-01    1.9900770578889521e-15
   0.0000000000000000e+00    0.0000000000000000e+00    0.0000000000000000e+00
   0.0000000000000000e+00    0.0000000000000000e+00    0.0000000000000000e+00
  -5.7321880328852610e-02   -6.8196901510136340e-02   -2.4193640509024218e-15
   0.0000000000000000e+00    0.0000000000000000e+00    0.0000000000000000e+00
  -1.5657908735510492e-01   -1.0788683429834596e-01   -1.8629070840510791e-15
   0.0000000000000000e+00    0.0000000000000000e+00    0.0000000000000000e+00
  -5.4065578765344832e-15   -1.3633067229697586e-15   -1.1621233207386140e-01
   5.7321880328852610e-02    1.5657908735510492e-01    5.4065578765344832e-15
   0.0000000000000000e+00    0.0000000000000000e+00    0.0000000000000000e+00
   6.8196901510136340e-02    1.0788683429834596e-01    1.3633067229697586e-15
   0.0000000000000000e+00    0.0000000000000000e+00    0.0000000000000000e+00
   2.4193640509024218e-15    1.8629070840510791e-15    1.1621233207386140e-01
   0.0000000000000000e+00    0.0000000000000000e+00    0.0000000000000000e+00
   0.0000000000000000e+00    0.0000000000000000e+00    0.0000000000000000e+00
   0.0000000000000000e+00    0.0000000000000000e+00    0.0000000000000000e+00
   0.0000000000000000e+00    0.0000000000000000e+00    0.0000000000000000e+00
   0.0000000000000000e+00    0.0000000000000000e+00    0.0000000000000000e+00
   0.0000000000000000e+00    0.0000000000000000e+00    0.0000000000000000e+00
   0.0000000000000000e+00    0.0000000000000000e+00    0.0000000000000000e+00
   0.0000000000000000e+00    0.0000000000000000e+00    0.0000000000000000e+00
   0.0000000000000000e+00    6.5225602696727947e-16   -2.0847273193600253e-02
   0.0000000000000000e+00    0.0000000000000000e+00    0.0000000000000000e+00
  -6.5225602696727947e-16    0.0000000000000000e+00   -5.5265897137337788e-03
   0.0000000000000000e+00    0.0000000000000000e+00    0.0000000000000000e+00
   2.0847273193600253e-02    5.5265897137337788e-03    0.0000000000000000e+00
   0.0000000000000000e+00    0.0000000000000000e+00    0.0000000000000000e+00
   0.0000000000000000e+00    0.0000000000000000e+00    0.0000000000000000e+00
   0.0000000000000000e+00    0.0000000000000000e+00    0.0000000000000000e+00
   0.0000000000000000e+00    0.0000000000000000e+00    0.0000000000000000e+00
   0.0000000000000000e+00    0.0000000000000000e+00    0.0000000000000000e+00
   0.0000000000000000e+00    0.0000000000000000e+00    0.0000000000000000e+00
   0.0000000000000000e+00    0.0000000000000000e+00    0.0000000000000000e+00
   0.0000000000000000e+00   -2.8102520310824275e-15    8.2855596131234804e-02
   0.0000000000000000e+00    0.0000000000000000e+00    0.0000000000000000e+00
   2.8102520310824275e-15    0.0000000000000000e+00   -1.6559574348058020e-02
   0.0000000000000000e+00    0.0000000000000000e+00    0.0000000000000000e+00
  -8.2855596131234804e-02    1.6559574348058020e-02    0.0000000000000000e+00
   0.0000000000000000e+00    0.0000000000000000e+00    0.0000000000000000e+00
   0.0000000000000000e+00    0.0000000000000000e+00    0.0000000000000000e+00
   0.0000000000000000e+00    0.0000000000000000e+00    0.0000000000000000e+00
   0.0000000000000000e+00    0.0000000000000000e+00    0.0000000000000000e+00
   0.0000000000000000e+00    0.0000000000000000e+00    0.0000000000000000e+00
   0.0000000000000000e+00    0.0000000000000000e+00    0.0000000000000000e+00
   0.0000000000000000e+00    0.0000000000000000e+00    0.0000000000000000e+00
   0.0000000000000000e+00    8.8382185844968569e-02    2.9871938256320618e-15
   0.0000000000000000e+00    0.0000000000000000e+00    0.0000000000000000e+00
  -8.8382185844968569e-02    0.0000000000000000e+00   -4.9960036108132044e-16
   0.0000000000000000e+00    0.0000000000000000e+00    0.0000000000000000e+00
  -2.9871938256320618e-15    4.9960036108132044e-16    0.0000000000000000e+00

