OOOO
4 2 2 2 2
   0.0000000000000000e+00    0.0000000000000000e+00    0.0000000000000000e+00
   0.0000000000000000e+00    0.0000000000000000e+00    6.2871090135830299e-01
  -6.2871090135830299e-01    0.0000000000000000e+00    0.0000000000000000e+00
  -6.2871090135830299e-01    6.2871090135830299e-01    0.0000000000000000e+00
   0.0000000000000000e+00    0.0000000000000000e+00    0.0000000000000000e+00
   0.0000000000000000e+00 
OOOV
4 2 2 2 6
   0.0000000000000000e+00    0.0000000000000000e+00    0.0000000000000000e+00
   0.0000000000000000e+00    0.0000000000000000e+00    0.0000000000000000e+00
   0.0000000000000000e+00    0.0000000000000000e+00    0.0000000000000000e+00
   0.0000000000000000e+00    0.0000000000000000e+00    0.0000000000000000e+00
   0.0000000000000000e+00    0.0000000000000000e+00    0.0000000000000000e+00
   5.7159138533435794e-16    1.5947770201958089e-01   -8.8817841970012523e-16
  -5.7159138533435794e-16   -1.5947770201958089e-01    8.8817841970012523e-16
   0.0000000000000000e+00    0.0000000000000000e+00    0.0000000000000000e+00
   0.0000000000000000e+00    0.0000000000000000e+00    0.0000000000000000e+00
  -5.7159138533435794e-16   -1.5947770201958089e-01    8.8817841970012523e-16
   5.7159138533435794e-16    1.5947770201958089e-01   -8.8817841970012523e-16
   0.0000000000000000e+00    0.0000000000000000e+00    0.0000000000000000e+00
   0.0000000000000000e+00    0.0000000000000000e+00    0.0000000000000000e+00
   0.0000000000000000e+00    0.0000000000000000e+00    0.0000000000000000e+00
   0.0000000000000000e+00    0.0000000000000000e+00    0.0000000000000000e+00
   0.0000000000000000e+00    0.0000000000000000e+00    0.0000000000000000e+00

OOVV
4 2 2 6 6
   0.0000000000000000e+00    0.0000000000000000e+00    0.0000000000000000e+00
   0.0000000000000000e+00    0.0000000000000000e+00    0.0000000000000000e+00
   0.0000000000000000e+00    0.0000000000000000e+00    0.0000000000000000e+00
   0.0000000000000000e+00    0.0000000000000000e+00    0.0000000000000000e+00
   0.0000000000000000e+00    0.0000000000000000e+00    0.0000000000000000e+00
   0.0000000000000000e+00    0.0000000000000000e+00    0.0000000000000000e+00
   0.0000000000000000e+00    0.0000000000000000e+00    0.0000000000000000e+00
   0.0000000000000000e+00    0.0000000000000000e+00    0.0000000000000000e+00
   0.0000000000000000e+00    0.0000000000000000e+00    0.0000000000000000e+00
   0.0000000000000000e+00    0.0000000000000000e+00    0.0000000000000000e+00
   0.0000000000000000e+00    0.0000000000000000e+00    0.0000000000000000e+00
   0.0000000000000000e+00    0.0000000000000000e+00    0.0000000000000000e+00
   0.0000000000000000e+00    0.0000000000000000e+00    0.0000000000000000e+00
   8.6502436551062586e-02    1.7021974108022420e-16   -8.0404022564187272e-02
   0.0000000000000000e+00    0.0000000000000000e+00    0.0000000000000000e+00
   1.7021974108022420e-16    1.0614084836711259e-01   -1.7672495411513722e-16
   0.0000000000000000e+00    0.0000000000000000e+00    0.0000000000000000e+00
  -8.0404022564187272e-02   -1.7672495411513722e-16    1.3132989371780307e-01
  -8.6502436551062586e-02   -1.7021974108022420e-16    8.0404022564187272e-02
   0.0000000000000000e+00    0.0000000000000000e+00    0.0000000000000000e+00
  -1.7021974108022420e-16   -1.0614084836711259e-01    1.7672495411513722e-16
   0.0000000000000000e+00    0.0000000000000000e+00    0.0000000000000000e+00
   8.0404022564187272e-02    1.7672495411513722e-16   -1.3132989371780307e-01
   0.0000000000000000e+00    0.0000000000000000e+00    0.0000000000000000e+00
   0.0000000000000000e+00    0.0000000000000000e+00    0.0000000000000000e+00
  -8.6502436551062586e-02   -1.7021974108022420e-16    8.0404022564187272e-02
   0.0000000000000000e+00    0.0000000000000000e+00    0.0000000000000000e+00
  -1.7021974108022420e-16   -1.0614084836711259e-01    1.7672495411513722e-16
   0.0000000000000000e+00    0.0000000000000000e+00    0.0000000000000000e+00
   8.0404022564187272e-02    1.7672495411513722e-16   -1.3132989371780307e-01
   8.6502436551062586e-02    1.7021974108022420e-16   -8.0404022564187272e-02
   0.0000000000000000e+00    0.0000000000000000e+00    0.0000000000000000e+00
   1.7021974108022420e-16    1.0614084836711259e-01   -1.7672495411513722e-16
   0.0000000000000000e+00    0.0000000000000000e+00    0.0000000000000000e+00
  -8.0404022564187272e-02   -1.7672495411513722e-16    1.3132989371780307e-01
   0.0000000000000000e+00    0.0000000000000000e+00    0.0000000000000000e+00
   0.0000000000000000e+00    0.0000000000000000e+00    0.0000000000000000e+00
   0.0000000000000000e+00    0.0000000000000000e+00    0.0000000000000000e+00
   0.0000000000000000e+00    0.0000000000000000e+00    0.0000000000000000e+00
   0.0000000000000000e+00    0.0000000000000000e+00    0.0000000000000000e+00
   0.0000000000000000e+00    0.0000000000000000e+00    0.0000000000000000e+00
   0.0000000000000000e+00    0.0000000000000000e+00    0.0000000000000000e+00
   0.0000000000000000e+00    0.0000000000000000e+00    0.0000000000000000e+00
   0.0000000000000000e+00    0.0000000000000000e+00    0.0000000000000000e+00
   0.0000000000000000e+00    0.0000000000000000e+00    0.0000000000000000e+00
   0.0000000000000000e+00    0.0000000000000000e+00    0.0000000000000000e+00
   0.0000000000000000e+00    0.0000000000000000e+00    0.0000000000000000e+00
   0.0000000000000000e+00    0.0000000000000000e+00    0.0000000000000000e+00

OVOV
4 2 6 2 6
   3.4923462627606838e-01    1.9374692822315964e-16   -6.2415674629469793e-02
   0.0000000000000000e+00    0.0000000000000000e+00    0.0000000000000000e+00
   0.0000000000000000e+00    0.0000000000000000e+00    0.0000000000000000e+00
   0.0000000000000000e+00    0.0000000000000000e+00    0.0000000000000000e+00
   1.9374692822315964e-16    4.1936291332596076e-01    2.2659825404947043e-16
   0.0000000000000000e+00    0.0000000000000000e+00    0.0000000000000000e+00
   0.0000000000000000e+00    0.0000000000000000e+00    0.0000000000000000e+00
   0.0000000000000000e+00    0.0000000000000000e+00    0.0000000000000000e+00
  -6.2415674629469793e-02    2.2659825404947043e-16    5.0833694541175345e-01
   0.0000000000000000e+00    0.0000000000000000e+00    0.0000000000000000e+00
   0.0000000000000000e+00    0.0000000000000000e+00    0.0000000000000000e+00
   0.0000000000000000e+00    0.0000000000000000e+00    0.0000000000000000e+00
   0.0000000000000000e+00    0.0000000000000000e+00    0.0000000000000000e+00
   4.3573706282713098e-01    3.6396666930338384e-16   -1.4281969719365706e-01
  -8.6502436551062586e-02   -1.7021974108022420e-16    8.0404022564187272e-02
   0.0000000000000000e+00    0.0000000000000000e+00    0.0000000000000000e+00
   0.0000000000000000e+00    0.0000000000000000e+00    0.0000000000000000e+00
   3.6396666930338384e-16    5.2550376169307333e-01    4.9873299934333204e-17
  -1.7021974108022420e-16   -1.0614084836711259e-01    1.7672495411513722e-16
   0.0000000000000000e+00    0.0000000000000000e+00    0.0000000000000000e+00
   0.0000000000000000e+00    0.0000000000000000e+00    0.0000000000000000e+00
  -1.4281969719365706e-01    4.9873299934333204e-17    6.3966683912955657e-01
   8.0404022564187272e-02    1.7672495411513722e-16   -1.3132989371780307e-01
   0.0000000000000000e+00    0.0000000000000000e+00    0.0000000000000000e+00
   0.0000000000000000e+00    0.0000000000000000e+00    0.0000000000000000e+00
  -8.6502436551062586e-02   -1.7021974108022420e-16    8.0404022564187272e-02
   4.3573706282713098e-01    3.6396666930338384e-16   -1.4281969719365706e-01
   0.0000000000000000e+00    0.0000000000000000e+00    0.0000000000000000e+00
   0.0000000000000000e+00    0.0000000000000000e+00    0.0000000000000000e+00
  -1.7021974108022420e-16   -1.0614084836711259e-01    1.7672495411513722e-16
   3.6396666930338384e-16    5.2550376169307333e-01    4.9873299934333204e-17
   0.0000000000000000e+00    0.0000000000000000e+00    0.0000000000000000e+00
   0.0000000000000000e+00    0.0000000000000000e+00    0.0000000000000000e+00
   8.0404022564187272e-02    1.7672495411513722e-16   -1.3132989371780307e-01
  -1.4281969719365706e-01    4.9873299934333204e-17    6.3966683912955657e-01
   0.0000000000000000e+00    0.0000000000000000e+00    0.0000000000000000e+00
   0.0000000000000000e+00    0.0000000000000000e+00    0.0000000000000000e+00
   0.0000000000000000e+00    0.0000000000000000e+00    0.0000000000000000e+00
   0.0000000000000000e+00    0.0000000000000000e+00    0.0000000000000000e+00
   3.4923462627606838e-01    1.9374692822315964e-16   -6.2415674629469793e-02
   0.0000000000000000e+00    0.0000000000000000e+00    0.0000000000000000e+00
   0.0000000000000000e+00    0.0000000000000000e+00    0.0000000000000000e+00
   0.0000000000000000e+00    0.0000000000000000e+00    0.0000000000000000e+00
   1.9374692822315964e-16    4.1936291332596076e-01    2.2659825404947043e-16
   0.0000000000000000e+00    0.0000000000000000e+00    0.0000000000000000e+00
   0.0000000000000000e+00    0.0000000000000000e+00    0.0000000000000000e+00
   0.0000000000000000e+00    0.0000000000000000e+00    0.0000000000000000e+00
  -6.2415674629469793e-02    2.2659825404947043e-16    5.0833694541175345e-01

OVVV
4 2 6 6 6
   0.0000000000000000e+00   -6.8175065553971764e-02    2.3364556817062621e-16
   0.0000000000000000e+00    0.0000000000000000e+00    0.0000000000000000e+00
   6.8175065553971764e-02    0.0000000000000000e+00   -4.7602661618569547e-02
   0.0000000000000000e+00    0.0000000000000000e+00    0.0000000000000000e+00
  -2.3364556817062621e-16    4.7602661618569547e-02    0.0000000000000000e+00
   0.0000000000000000e+00    0.0000000000000000e+00    0.0000000000000000e+00
   0.0000000000000000e+00    0.0000000000000000e+00    0.0000000000000000e+00
   0.0000000000000000e+00    0.0000000000000000e+00    0.0000000000000000e+00
   0.0000000000000000e+00    0.0000000000000000e+00    0.0000000000000000e+00
   0.0000000000000000e+00    0.0000000000000000e+00    0.0000000000000000e+00
   0.0000000000000000e+00    0.0000000000000000e+00    0.0000000000000000e+00
   0.0000000000000000e+00    0.0000000000000000e+00    0.0000000000000000e+00
   0.0000000000000000e+00    1.9255430583342559e-16   -6.3468755514136416e-02
   0.0000000000000000e+00    0.0000000000000000e+00    0.0000000000000000e+00
  -1.9255430583342559e-16    0.0000000000000000e+00    5.5012418231914495e-16
   0.0000000000000000e+00    0.0000000000000000e+00    0.0000000000000000e+00
   6.3468755514136416e-02   -5.5012418231914495e-16    0.0000000000000000e+00
   0.0000000000000000e+00    0.0000000000000000e+00    0.0000000000000000e+00
   0.0000000000000000e+00    0.0000000000000000e+00    0.0000000000000000e+00
   0.0000000000000000e+00    0.0000000000000000e+00    0.0000000000000000e+00
   0.0000000000000000e+00    0.0000000000000000e+00    0.0000000000000000e+00
   0.0000000000000000e+00    0.0000000000000000e+00    0.0000000000000000e+00
   0.0000000000000000e+00    0.0000000000000000e+00    0.0000000000000000e+00
   0.0000000000000000e+00    0.0000000000000000e+00    0.0000000000000000e+00
   0.0000000000000000e+00   -1.5866093895566730e-02    1.8301332671555315e-16
   0.0000000000000000e+00    0.0000000000000000e+00    0.0000000000000000e+00
   1.5866093895566730e-02    0.0000000000000000e+00    6.9989017305531462e-02
   0.0000000000000000e+00    0.0000000000000000e+00    0.0000000000000000e+00
  -1.8301332671555315e-16   -6.9989017305531462e-02    0.0000000000000000e+00
   0.0000000000000000e+00    0.0000000000000000e+00    0.0000000000000000e+00
   0.0000000000000000e+00    0.0000000000000000e+00    0.0000000000000000e+00
   0.0000000000000000e+00    0.0000000000000000e+00    0.0000000000000000e+00
   0.0000000000000000e+00    0.0000000000000000e+00    0.0000000000000000e+00
   0.0000000000000000e+00    0.0000000000000000e+00    0.0000000000000000e+00
   0.0000000000000000e+00    0.0000000000000000e+00    0.0000000000000000e+00
   0.0000000000000000e+00    0.0000000000000000e+00    0.0000000000000000e+00
   0.0000000000000000e+00    0.0000000000000000e+00    0.0000000000000000e+00
   5.2041704279304213e-16   -1.3862027840646393e-02   -3.7470027081099033e-16
   0.0000000000000000e+00    0.0000000000000000e+00    0.0000000000000000e+00
   5.4313037713325366e-02    1.4701781458903440e-16   -7.5880422044127593e-02
   0.0000000000000000e+00    0.0000000000000000e+00    0.0000000000000000e+00
  -6.0834583898161654e-16   -2.8277760425558046e-02    4.2153780466236412e-16
  -5.2041704279304213e-16   -5.4313037713325366e-02    6.0834583898161654e-16
   0.0000000000000000e+00    0.0000000000000000e+00    0.0000000000000000e+00
   1.3862027840646393e-02   -1.4701781458903440e-16    2.8277760425558046e-02
   0.0000000000000000e+00    0.0000000000000000e+00    0.0000000000000000e+00
   3.7470027081099033e-16    7.5880422044127593e-02   -4.2153780466236412e-16
   0.0000000000000000e+00    0.0000000000000000e+00    0.0000000000000000e+00
   0.0000000000000000e+00    0.0000000000000000e+00    0.0000000000000000e+00
  -1.3862027840646274e-02    3.4347524824340780e-16   -9.1746515939694462e-02
   0.0000000000000000e+00    0.0000000000000000e+00    0.0000000000000000e+00
   1.5092094240998222e-16    1.1994055831008557e-01    6.5052130349130266e-19
   0.0000000000000000e+00    0.0000000000000000e+00    0.0000000000000000e+00
  -2.8277760425558039e-02   -5.4947366101565365e-16    1.2476901497117443e-01
   1.3862027840646274e-02   -1.5092094240998222e-16    2.8277760425558039e-02
   0.0000000000000000e+00    0.0000000000000000e+00    0.0000000000000000e+00
  -3.4347524824340780e-16   -1.1994055831008557e-01    5.4947366101565365e-16
   0.0000000000000000e+00    0.0000000000000000e+00    0.0000000000000000e+00
   9.1746515939694462e-02   -6.5052130349130266e-19   -1.2476901497117443e-01
   0.0000000000000000e+00    0.0000000000000000e+00    0.0000000000000000e+00
   0.0000000000000000e+00    0.0000000000000000e+00    0.0000000000000000e+00
  -2.0469737016526324e-16   -9.1746515939694517e-02    6.8001160258290838e-16
   0.0000000000000000e+00    0.0000000000000000e+00    0.0000000000000000e+00
  -7.5880422044127788e-02    1.1709383462843448e-16    1.9475803227670577e-01
   0.0000000000000000e+00    0.0000000000000000e+00    0.0000000000000000e+00
   4.9699827586735523e-16    1.2476901497117431e-01   -9.9659863694867568e-16
   2.0469737016526324e-16    7.5880422044127788e-02   -4.9699827586735523e-16
   0.0000000000000000e+00    0.0000000000000000e+00    0.0000000000000000e+00
   9.1746515939694517e-02   -1.1709383462843448e-16   -1.2476901497117431e-01
   0.0000000000000000e+00    0.0000000000000000e+00    0.0000000000000000e+00
  -6.8001160258290838e-16   -1.9475803227670577e-01    9.9659863694867568e-16
   0.0000000000000000e+00    0.0000000000000000e+00    0.0000000000000000e+00
   0.0000000000000000e+00    0.0000000000000000e+00    0.0000000000000000e+00
  -5.2041704279304213e-16   -5.4313037713325366e-02    6.0834583898161654e-16
   0.0000000000000000e+00    0.0000000000000000e+00    0.0000000000000000e+00
   1.3862027840646393e-02   -1.4701781458903440e-16    2.8277760425558046e-02
   0.0000000000000000e+00    0.0000000000000000e+00    0.0000000000000000e+00
   3.7470027081099033e-16    7.5880422044127593e-02   -4.2153780466236412e-16
   5.2041704279304213e-16   -1.3862027840646393e-02   -3.7470027081099033e-16
   0.0000000000000000e+00    0.0000000000000000e+00    0.0000000000000000e+00
   5.4313037713325366e-02    1.4701781458903440e-16   -7.5880422044127593e-02
   0.0000000000000000e+00    0.0000000000000000e+00    0.0000000000000000e+00
  -6.0834583898161654e-16   -2.8277760425558046e-02    4.2153780466236412e-16
   0.0000000000000000e+00    0.0000000000000000e+00    0.0000000000000000e+00
   0.0000000000000000e+00    0.0000000000000000e+00    0.0000000000000000e+00
   1.3862027840646274e-02   -1.5092094240998222e-16    2.8277760425558039e-02
   0.0000000000000000e+00    0.0000000000000000e+00    0.0000000000000000e+00
  -3.4347524824340780e-16   -1.1994055831008557e-01    5.4947366101565365e-16
   0.0000000000000000e+00    0.0000000000000000e+00    0.0000000000000000e+00
   9.1746515939694462e-02   -6.5052130349130266e-19   -1.2476901497117443e-01
  -1.3862027840646274e-02    3.4347524824340780e-16   -9.1746515939694462e-02
   0.0000000000000000e+00    0.0000000000000000e+00    0.0000000000000000e+00
   1.5092094240998222e-16    1.1994055831008557e-01    6.5052130349130266e-19
   0.0000000000000000e+00    0.0000000000000000e+00    0.0000000000000000e+00
  -2.8277760425558039e-02   -5.4947366101565365e-16    1.2476901497117443e-01
   0.0000000000000000e+00    0.0000000000000000e+00    0.0000000000000000e+00
   0.0000000000000000e+00    0.0000000000000000e+00    0.0000000000000000e+00
   2.0469737016526324e-16    7.5880422044127788e-02   -4.9699827586735523e-16
   0.0000000000000000e+00    0.0000000000000000e+00    0.0000000000000000e+00
   9.1746515939694517e-02   -1.1709383462843448e-16   -1.2476901497117431e-01
   0.0000000000000000e+00    0.0000000000000000e+00    0.0000000000000000e+00
  -6.8001160258290838e-16   -1.9475803227670577e-01    9.9659863694867568e-16
  -2.0469737016526324e-16   -9.1746515939694517e-02    6.8001160258290838e-16
   0.0000000000000000e+00    0.0000000000000000e+00    0.0000000000000000e+00
  -7.5880422044127788e-02    1.1709383462843448e-16    1.9475803227670577e-01
   0.0000000000000000e+00    0.0000000000000000e+00    0.0000000000000000e+00
   4.9699827586735523e-16    1.2476901497117431e-01   -9.9659863694867568e-16
   0.0000000000000000e+00    0.0000000000000000e+00    0.0000000000000000e+00
   0.0000000000000000e+00    0.0000000000000000e+00    0.0000000000000000e+00
   0.0000000000000000e+00    0.0000000000000000e+00    0.0000000000000000e+00
   0.0000000000000000e+00    0.0000000000000000e+00    0.0000000000000000e+00
   0.0000000000000000e+00    0.0000000000000000e+00    0.0000000000000000e+00
   0.0000000000000000e+00    0.0000000000000000e+00    0.0000000000000000e+00
   0.0000000000000000e+00    0.0000000000000000e+00    0.0000000000000000e+00
   0.0000000000000000e+00    0.0000000000000000e+00    0.0000000000000000e+00
   0.0000000000000000e+00   -6.8175065553971764e-02    2.3364556817062621e-16
   0.0000000000000000e+00    0.0000000000000000e+00    0.0000000000000000e+00
   6.8175065553971764e-02    0.0000000000000000e+00   -4.7602661618569547e-02
   0.0000000000000000e+00    0.0000000000000000e+00    0.0000000000000000e+00
  -2.3364556817062621e-16    4.7602661618569547e-02    0.0000000000000000e+00
   0.0000000000000000e+00    0.0000000000000000e+00    0.0000000000000000e+00
   0.0000000000000000e+00    0.0000000000000000e+00    0.0000000000000000e+00
   0.0000000000000000e+00    0.0000000000000000e+00    0.0000000000000000e+00
   0.0000000000000000e+00    0.0000000000000000e+00    0.0000000000000000e+00
   0.0000000000000000e+00    0.0000000000000000e+00    0.0000000000000000e+00
   0.0000000000000000e+00    0.0000000000000000e+00    0.0000000000000000e+00
   0.0000000000000000e+00    0.0000000000000000e+00    0.0000000000000000e+00
   0.0000000000000000e+00    1.9255430583342559e-16   -6.3468755514136416e-02
   0.0000000000000000e+00    0.0000000000000000e+00    0.0000000000000000e+00
  -1.9255430583342559e-16    0.0000000000000000e+00    5.5012418231914495e-16
   0.0000000000000000e+00    0.0000000000000000e+00    0.0000000000000000e+00
   6.3468755514136416e-02   -5.5012418231914495e-16    0.0000000000000000e+00
   0.0000000000000000e+00    0.0000000000000000e+00    0.0000000000000000e+00
   0.0000000000000000e+00    0.0000000000000000e+00    0.0000000000000000e+00
   0.0000000000000000e+00    0.0000000000000000e+00    0.0000000000000000e+00
   0.0000000000000000e+00    0.0000000000000000e+00    0.0000000000000000e+00
   0.0000000000000000e+00    0.0000000000000000e+00    0.0000000000000000e+00
   0.0000000000000000e+00    0.0000000000000000e+00    0.0000000000000000e+00
   0.0000000000000000e+00    0.0000000000000000e+00    0.0000000000000000e+00
   0.0000000000000000e+00   -1.5866093895566730e-02    1.8301332671555315e-16
   0.0000000000000000e+00    0.0000000000000000e+00    0.0000000000000000e+00
   1.5866093895566730e-02    0.0000000000000000e+00    6.9989017305531462e-02
   0.0000000000000000e+00    0.0000000000000000e+00    0.0000000000000000e+00
  -1.8301332671555315e-16   -6.9989017305531462e-02    0.0000000000000000e+00

VVVV
4 6 6 6 6
   0.0000000000000000e+00    0.0000000000000000e+00    0.0000000000000000e+00
   0.0000000000000000e+00    0.0000000000000000e+00    0.0000000000000000e+00
   0.0000000000000000e+00    0.0000000000000000e+00    0.0000000000000000e+00
   0.0000000000000000e+00    0.0000000000000000e+00    0.0000000000000000e+00
   0.0000000000000000e+00    0.0000000000000000e+00    0.0000000000000000e+00
   0.0000000000000000e+00    0.0000000000000000e+00    0.0000000000000000e+00
   0.0000000000000000e+00    0.0000000000000000e+00    0.0000000000000000e+00
   0.0000000000000000e+00    0.0000000000000000e+00    0.0000000000000000e+00
   0.0000000000000000e+00    0.0000000000000000e+00    0.0000000000000000e+00
   0.0000000000000000e+00    0.0000000000000000e+00    0.0000000000000000e+00
   0.0000000000000000e+00    0.0000000000000000e+00    0.0000000000000000e+00
   0.0000000000000000e+00    0.0000000000000000e+00    0.0000000000000000e+00
   0.0000000000000000e+00    3.5074070551645092e-01    4.9179410543942481e-16
   0.0000000000000000e+00    0.0000000000000000e+00    0.0000000000000000e+00
  -3.5074070551645092e-01    0.0000000000000000e+00    9.4235059013818470e-02
   0.0000000000000000e+00    0.0000000000000000e+00    0.0000000000000000e+00
  -4.9179410543942481e-16   -9.4235059013818470e-02    0.0000000000000000e+00
   0.0000000000000000e+00    0.0000000000000000e+00    0.0000000000000000e+00
   0.0000000000000000e+00    0.0000000000000000e+00    0.0000000000000000e+00
   0.0000000000000000e+00    0.0000000000000000e+00    0.0000000000000000e+00
   0.0000000000000000e+00    0.0000000000000000e+00    0.0000000000000000e+00
   0.0000000000000000e+00    0.0000000000000000e+00    0.0000000000000000e+00
   0.0000000000000000e+00    0.0000000000000000e+00    0.0000000000000000e+00
   0.0000000000000000e+00    0.0000000000000000e+00    0.0000000000000000e+00
   0.0000000000000000e+00    4.9179410543942481e-16    3.7295648673989601e-01
   0.0000000000000000e+00    0.0000000000000000e+00    0.0000000000000000e+00
  -4.9179410543942481e-16    0.0000000000000000e+00   -4.8572257327350599e-17
   0.0000000000000000e+00    0.0000000000000000e+00    0.0000000000000000e+00
  -3.7295648673989601e-01    4.8572257327350599e-17    0.0000000000000000e+00
   0.0000000000000000e+00    0.0000000000000000e+00    0.0000000000000000e+00
   0.0000000000000000e+00    0.0000000000000000e+00    0.0000000000000000e+00
   0.0000000000000000e+00    0.0000000000000000e+00    0.0000000000000000e+00
   0.0000000000000000e+00    0.0000000000000000e+00    0.0000000000000000e+00
   0.0000000000000000e+00    0.0000000000000000e+00    0.0000000000000000e+00
   0.0000000000000000e+00    0.0000000000000000e+00    0.0000000000000000e+00
   0.0000000000000000e+00    0.0000000000000000e+00    0.0000000000000000e+00
   0.0000000000000000e+00    0.0000000000000000e+00    0.0000000000000000e+00
   3.8900327697467119e-01    1.7520707107365752e-16   -5.8741759781007902e-02
   0.0000000000000000e+00    0.0000000000000000e+00    0.0000000000000000e+00
   1.7520707107365752e-16    3.4789890573855890e-02   -2.5370330836160804e-16
   0.0000000000000000e+00    0.0000000000000000e+00    0.0000000000000000e+00
  -5.8741759781007902e-02   -2.5370330836160804e-16    7.1469313857092834e-02
  -3.8900327697467119e-01   -1.7520707107365752e-16    5.8741759781007902e-02
   0.0000000000000000e+00    0.0000000000000000e+00    0.0000000000000000e+00
  -1.7520707107365752e-16   -3.4789890573855890e-02    2.5370330836160804e-16
   0.0000000000000000e+00    0.0000000000000000e+00    0.0000000000000000e+00
   5.8741759781007902e-02    2.5370330836160804e-16   -7.1469313857092834e-02
   0.0000000000000000e+00    0.0000000000000000e+00    0.0000000000000000e+00
   0.0000000000000000e+00    0.0000000000000000e+00    0.0000000000000000e+00
   1.7520707107365752e-16    3.8553059609030693e-01    2.2941717969793274e-16
   0.0000000000000000e+00    0.0000000000000000e+00    0.0000000000000000e+00
   3.4789890573855890e-02    2.9165038439860069e-16   -9.0614018394347944e-03
   0.0000000000000000e+00    0.0000000000000000e+00    0.0000000000000000e+00
  -2.6237692574149207e-16   -1.0329646085325325e-01    2.8319360745321376e-16
  -1.7520707107365752e-16   -3.4789890573855890e-02    2.6237692574149207e-16
   0.0000000000000000e+00    0.0000000000000000e+00    0.0000000000000000e+00
  -3.8553059609030693e-01   -2.9165038439860069e-16    1.0329646085325325e-01
   0.0000000000000000e+00    0.0000000000000000e+00    0.0000000000000000e+00
  -2.2941717969793274e-16    9.0614018394347944e-03   -2.8319360745321376e-16
   0.0000000000000000e+00    0.0000000000000000e+00    0.0000000000000000e+00
   0.0000000000000000e+00    0.0000000000000000e+00    0.0000000000000000e+00
  -5.8741759781007902e-02    2.2941717969793274e-16    4.4442580059698883e-01
   0.0000000000000000e+00    0.0000000000000000e+00    0.0000000000000000e+00
  -2.6237692574149207e-16   -9.0614018394347979e-03    2.1423834928313568e-16
   0.0000000000000000e+00    0.0000000000000000e+00    0.0000000000000000e+00
   7.1469313857092848e-02    2.6281060661048627e-16   -1.6783037576254226e-01
   5.8741759781007902e-02    2.6237692574149207e-16   -7.1469313857092848e-02
   0.0000000000000000e+00    0.0000000000000000e+00    0.0000000000000000e+00
  -2.2941717969793274e-16    9.0614018394347979e-03   -2.6281060661048627e-16
   0.0000000000000000e+00    0.0000000000000000e+00    0.0000000000000000e+00
  -4.4442580059698883e-01   -2.1423834928313568e-16    1.6783037576254226e-01
   0.0000000000000000e+00    0.0000000000000000e+00    0.0000000000000000e+00
   0.0000000000000000e+00   -3.5074070551645098e-01   -4.9179410543942481e-16
   0.0000000000000000e+00    0.0000000000000000e+00    0.0000000000000000e+00
   3.5074070551645098e-01    0.0000000000000000e+00   -9.4235059013818470e-02
   0.0000000000000000e+00    0.0000000000000000e+00    0.0000000000000000e+00
   4.9179410543942481e-16    9.4235059013818470e-02    0.0000000000000000e+00
   0.0000000000000000e+00    0.0000000000000000e+00    0.0000000000000000e+00
   0.0000000000000000e+00    0.0000000000000000e+00    0.0000000000000000e+00
   0.0000000000000000e+00    0.0000000000000000e+00    0.0000000000000000e+00
   0.0000000000000000e+00    0.0000000000000000e+00    0.0000000000000000e+00
   0.0000000000000000e+00    0.0000000000000000e+00    0.0000000000000000e+00
   0.0000000000000000e+00    0.0000000000000000e+00    0.0000000000000000e+00
   0.0000000000000000e+00    0.0000000000000000e+00    0.0000000000000000e+00
   0.0000000000000000e+00    0.0000000000000000e+00    0.0000000000000000e+00
   0.0000000000000000e+00    0.0000000000000000e+00    0.0000000000000000e+00
   0.0000000000000000e+00    0.0000000000000000e+00    0.0000000000000000e+00
   0.0000000000000000e+00    0.0000000000000000e+00    0.0000000000000000e+00
   0.0000000000000000e+00    0.0000000000000000e+00    0.0000000000000000e+00
   0.0000000000000000e+00    0.0000000000000000e+00    0.0000000000000000e+00
   0.0000000000000000e+00    0.0000000000000000e+00    0.0000000000000000e+00
   0.0000000000000000e+00    0.0000000000000000e+00    0.0000000000000000e+00
   0.0000000000000000e+00    0.0000000000000000e+00    0.0000000000000000e+00
   0.0000000000000000e+00    0.0000000000000000e+00    0.0000000000000000e+00
   0.0000000000000000e+00    0.0000000000000000e+00    0.0000000000000000e+00
   0.0000000000000000e+00    0.0000000000000000e+00    0.0000000000000000e+00
   0.0000000000000000e+00    9.4235059013818484e-02   -4.8572257327350599e-17
   0.0000000000000000e+00    0.0000000000000000e+00    0.0000000000000000e+00
  -9.4235059013818484e-02    0.0000000000000000e+00    4.0958752382783259e-01
   0.0000000000000000e+00    0.0000000000000000e+00    0.0000000000000000e+00
   4.8572257327350599e-17   -4.0958752382783259e-01    0.0000000000000000e+00
   0.0000000000000000e+00    0.0000000000000000e+00    0.0000000000000000e+00
   0.0000000000000000e+00    0.0000000000000000e+00    0.0000000000000000e+00
   0.0000000000000000e+00    0.0000000000000000e+00    0.0000000000000000e+00
   0.0000000000000000e+00    0.0000000000000000e+00    0.0000000000000000e+00
   0.0000000000000000e+00    0.0000000000000000e+00    0.0000000000000000e+00
   0.0000000000000000e+00    0.0000000000000000e+00    0.0000000000000000e+00
   0.0000000000000000e+00    0.0000000000000000e+00    0.0000000000000000e+00
   0.0000000000000000e+00    0.0000000000000000e+00    0.0000000000000000e+00
   1.7520707107365752e-16    3.4789890573855890e-02   -2.6237692574149207e-16
   0.0000000000000000e+00    0.0000000000000000e+00    0.0000000000000000e+00
   3.8553059609030688e-01    2.9165038439860069e-16   -1.0329646085325325e-01
   0.0000000000000000e+00    0.0000000000000000e+00    0.0000000000000000e+00
   2.2941717969793274e-16   -9.0614018394347944e-03    2.8319360745321376e-16
  -1.7520707107365752e-16   -3.8553059609030688e-01   -2.2941717969793274e-16
   0.0000000000000000e+00    0.0000000000000000e+00    0.0000000000000000e+00
  -3.4789890573855890e-02   -2.9165038439860069e-16    9.0614018394347944e-03
   0.0000000000000000e+00    0.0000000000000000e+00    0.0000000000000000e+00
   2.6237692574149207e-16    1.0329646085325325e-01   -2.8319360745321376e-16
   0.0000000000000000e+00    0.0000000000000000e+00    0.0000000000000000e+00
   0.0000000000000000e+00    0.0000000000000000e+00    0.0000000000000000e+00
   3.4789890573855890e-02    2.9165038439860069e-16   -9.0614018394347979e-03
   0.0000000000000000e+00    0.0000000000000000e+00    0.0000000000000000e+00
   2.9165038439860069e-16    4.6553407208342912e-01    1.8523594116914843e-16
   0.0000000000000000e+00    0.0000000000000000e+00    0.0000000000000000e+00
  -9.0614018394347979e-03    1.8523594116914843e-16    1.3821569982808052e-01
  -3.4789890573855890e-02   -2.9165038439860069e-16    9.0614018394347979e-03
   0.0000000000000000e+00    0.0000000000000000e+00    0.0000000000000000e+00
  -2.9165038439860069e-16   -4.6553407208342912e-01   -1.8523594116914843e-16
   0.0000000000000000e+00    0.0000000000000000e+00    0.0000000000000000e+00
   9.0614018394347979e-03   -1.8523594116914843e-16   -1.3821569982808052e-01
   0.0000000000000000e+00    0.0000000000000000e+00    0.0000000000000000e+00
   0.0000000000000000e+00    0.0000000000000000e+00    0.0000000000000000e+00
  -2.5370330836160804e-16   -9.0614018394347944e-03    2.1423834928313568e-16
   0.0000000000000000e+00    0.0000000000000000e+00    0.0000000000000000e+00
  -1.0329646085325325e-01    1.8523594116914843e-16    5.4780322365591316e-01
   0.0000000000000000e+00    0.0000000000000000e+00    0.0000000000000000e+00
   2.6281060661048627e-16    1.3821569982808052e-01   -4.0939474033052647e-16
   2.5370330836160804e-16    1.0329646085325325e-01   -2.6281060661048627e-16
   0.0000000000000000e+00    0.0000000000000000e+00    0.0000000000000000e+00
   9.0614018394347944e-03   -1.8523594116914843e-16   -1.3821569982808052e-01
   0.0000000000000000e+00    0.0000000000000000e+00    0.0000000000000000e+00
  -2.1423834928313568e-16   -5.4780322365591316e-01    4.0939474033052647e-16
   0.0000000000000000e+00    0.0000000000000000e+00    0.0000000000000000e+00
   0.0000000000000000e+00   -4.9179410543942481e-16   -3.7295648673989595e-01
   0.0000000000000000e+00    0.0000000000000000e+00    0.0000000000000000e+00
   4.9179410543942481e-16    0.0000000000000000e+00    4.8572257327350599e-17
   0.0000000000000000e+00    0.0000000000000000e+00    0.0000000000000000e+00
   3.7295648673989595e-01   -4.8572257327350599e-17    0.0000000000000000e+00
   0.0000000000000000e+00    0.0000000000000000e+00    0.0000000000000000e+00
   0.0000000000000000e+00    0.0000000000000000e+00    0.0000000000000000e+00
   0.0000000000000000e+00    0.0000000000000000e+00    0.0000000000000000e+00
   0.0000000000000000e+00    0.0000000000000000e+00    0.0000000000000000e+00
   0.0000000000000000e+00    0.0000000000000000e+00    0.0000000000000000e+00
   0.0000000000000000e+00    0.0000000000000000e+00    0.0000000000000000e+00
   0.0000000000000000e+00    0.0000000000000000e+00    0.0000000000000000e+00
   0.0000000000000000e+00   -9.4235059013818456e-02    4.8572257327350599e-17
   0.0000000000000000e+00    0.0000000000000000e+00    0.0000000000000000e+00
   9.4235059013818456e-02    0.0000000000000000e+00   -4.0958752382783259e-01
   0.0000000000000000e+00    0.0000000000000000e+00    0.0000000000000000e+00
  -4.8572257327350599e-17    4.0958752382783259e-01    0.0000000000000000e+00
   0.0000000000000000e+00    0.0000000000000000e+00    0.0000000000000000e+00
   0.0000000000000000e+00    0.0000000000000000e+00    0.0000000000000000e+00
   0.0000000000000000e+00    0.0000000000000000e+00    0.0000000000000000e+00
   0.0000000000000000e+00    0.0000000000000000e+00    0.0000000000000000e+00
   0.0000000000000000e+00    0.0000000000000000e+00    0.0000000000000000e+00
   0.0000000000000000e+00    0.0000000000000000e+00    0.0000000000000000e+00
   0.0000000000000000e+00    0.0000000000000000e+00    0.0000000000000000e+00
   0.0000000000000000e+00    0.0000000000000000e+00    0.0000000000000000e+00
   0.0000000000000000e+00    0.0000000000000000e+00    0.0000000000000000e+00
   0.0000000000000000e+00    0.0000000000000000e+00    0.0000000000000000e+00
   0.0000000000000000e+00    0.0000000000000000e+00    0.0000000000000000e+00
   0.0000000000000000e+00    0.0000000000000000e+00    0.0000000000000000e+00
   0.0000000000000000e+00    0.0000000000000000e+00    0.0000000000000000e+00
   0.0000000000000000e+00    0.0000000000000000e+00    0.0000000000000000e+00
   0.0000000000000000e+00    0.0000000000000000e+00    0.0000000000000000e+00
   0.0000000000000000e+00    0.0000000000000000e+00    0.0000000000000000e+00
   0.0000000000000000e+00    0.0000000000000000e+00    0.0000000000000000e+00
   0.0000000000000000e+00    0.0000000000000000e+00    0.0000000000000000e+00
   0.0000000000000000e+00    0.0000000000000000e+00    0.0000000000000000e+00
   0.0000000000000000e+00    0.0000000000000000e+00    0.0000000000000000e+00
  -5.8741759781007902e-02   -2.6237692574149207e-16    7.1469313857092848e-02
   0.0000000000000000e+00    0.0000000000000000e+00    0.0000000000000000e+00
   2.2941717969793274e-16   -9.0614018394347979e-03    2.6281060661048627e-16
   0.0000000000000000e+00    0.0000000000000000e+00    0.0000000000000000e+00
   4.4442580059698888e-01    2.1423834928313568e-16   -1.6783037576254228e-01
   5.8741759781007902e-02   -2.2941717969793274e-16   -4.4442580059698888e-01
   0.0000000000000000e+00    0.0000000000000000e+00    0.0000000000000000e+00
   2.6237692574149207e-16    9.0614018394347979e-03   -2.1423834928313568e-16
   0.0000000000000000e+00    0.0000000000000000e+00    0.0000000000000000e+00
  -7.1469313857092848e-02   -2.6281060661048627e-16    1.6783037576254228e-01
   0.0000000000000000e+00    0.0000000000000000e+00    0.0000000000000000e+00
   0.0000000000000000e+00    0.0000000000000000e+00    0.0000000000000000e+00
  -2.5370330836160804e-16   -1.0329646085325327e-01    2.6281060661048627e-16
   0.0000000000000000e+00    0.0000000000000000e+00    0.0000000000000000e+00
  -9.0614018394347944e-03    1.8523594116914843e-16    1.3821569982808052e-01
   0.0000000000000000e+00    0.0000000000000000e+00    0.0000000000000000e+00
   2.1423834928313568e-16    5.4780322365591316e-01   -4.0939474033052647e-16
   2.5370330836160804e-16    9.0614018394347944e-03   -2.1423834928313568e-16
   0.0000000000000000e+00    0.0000000000000000e+00    0.0000000000000000e+00
   1.0329646085325327e-01   -1.8523594116914843e-16   -5.4780322365591316e-01
   0.0000000000000000e+00    0.0000000000000000e+00    0.0000000000000000e+00
  -2.6281060661048627e-16   -1.3821569982808052e-01    4.0939474033052647e-16
   0.0000000000000000e+00    0.0000000000000000e+00    0.0000000000000000e+00
   0.0000000000000000e+00    0.0000000000000000e+00    0.0000000000000000e+00
   7.1469313857092834e-02    2.8319360745321376e-16   -1.6783037576254228e-01
   0.0000000000000000e+00    0.0000000000000000e+00    0.0000000000000000e+00
   2.8319360745321376e-16    1.3821569982808052e-01   -4.0939474033052647e-16
   0.0000000000000000e+00    0.0000000000000000e+00    0.0000000000000000e+00
  -1.6783037576254226e-01   -4.0939474033052647e-16    7.1377580779056149e-01
  -7.1469313857092834e-02   -2.8319360745321376e-16    1.6783037576254226e-01
   0.0000000000000000e+00    0.0000000000000000e+00    0.0000000000000000e+00
  -2.8319360745321376e-16   -1.3821569982808052e-01    4.0939474033052647e-16
   0.0000000000000000e+00    0.0000000000000000e+00    0.0000000000000000e+00
   1.6783037576254228e-01    4.0939474033052647e-16   -7.1377580779056149e-01
   0.0000000000000000e+00    0.0000000000000000e+00    0.0000000000000000e+00
   0.0000000000000000e+00    0.0000000000000000e+00    0.0000000000000000e+00
  -3.8900327697467119e-01   -1.7520707107365752e-16    5.8741759781007902e-02
   0.0000000000000000e+00    0.0000000000000000e+00    0.0000000000000000e+00
  -1.7520707107365752e-16   -3.4789890573855890e-02    2.5370330836160804e-16
   0.0000000000000000e+00    0.0000000000000000e+00    0.0000000000000000e+00
   5.8741759781007902e-02    2.5370330836160804e-16   -7.1469313857092834e-02
   3.8900327697467119e-01    1.7520707107365752e-16   -5.8741759781007902e-02
   0.0000000000000000e+00    0.0000000000000000e+00    0.0000000000000000e+00
   1.7520707107365752e-16    3.4789890573855890e-02   -2.5370330836160804e-16
   0.0000000000000000e+00    0.0000000000000000e+00    0.0000000000000000e+00
  -5.8741759781007902e-02   -2.5370330836160804e-16    7.1469313857092834e-02
   0.0000000000000000e+00    0.0000000000000000e+00    0.0000000000000000e+00
   0.0000000000000000e+00    0.0000000000000000e+00    0.0000000000000000e+00
  -1.7520707107365752e-16   -3.4789890573855890e-02    2.6237692574149207e-16
   0.0000000000000000e+00    0.0000000000000000e+00    0.0000000000000000e+00
  -3.8553059609030688e-01   -2.9165038439860069e-16    1.0329646085325325e-01
   0.0000000000000000e+00    0.0000000000000000e+00    0.0000000000000000e+00
  -2.2941717969793274e-16    9.0614018394347944e-03   -2.8319360745321376e-16
   1.7520707107365752e-16    3.8553059609030688e-01    2.2941717969793274e-16
   0.0000000000000000e+00    0.0000000000000000e+00    0.0000000000000000e+00
   3.4789890573855890e-02    2.9165038439860069e-16   -9.0614018394347944e-03
   0.0000000000000000e+00    0.0000000000000000e+00    0.0000000000000000e+00
  -2.6237692574149207e-16   -1.0329646085325325e-01    2.8319360745321376e-16
   0.0000000000000000e+00    0.0000000000000000e+00    0.0000000000000000e+00
   0.0000000000000000e+00    0.0000000000000000e+00    0.0000000000000000e+00
   5.8741759781007902e-02    2.6237692574149207e-16   -7.1469313857092848e-02
   0.0000000000000000e+00    0.0000000000000000e+00    0.0000000000000000e+00
  -2.2941717969793274e-16    9.0614018394347979e-03   -2.6281060661048627e-16
   0.0000000000000000e+00    0.0000000000000000e+00    0.0000000000000000e+00
  -4.4442580059698888e-01   -2.1423834928313568e-16    1.6783037576254228e-01
  -5.8741759781007902e-02    2.2941717969793274e-16    4.4442580059698888e-01
   0.0000000000000000e+00    0.0000000000000000e+00    0.0000000000000000e+00
  -2.6237692574149207e-16   -9.0614018394347979e-03    2.1423834928313568e-16
   0.0000000000000000e+00    0.0000000000000000e+00    0.0000000000000000e+00
   7.1469313857092848e-02    2.6281060661048627e-16   -1.6783037576254228e-01
   0.0000000000000000e+00    0.0000000000000000e+00    0.0000000000000000e+00
   0.0000000000000000e+00    0.0000000000000000e+00    0.0000000000000000e+00
   0.0000000000000000e+00    0.0000000000000000e+00    0.0000000000000000e+00
   0.0000000000000000e+00    0.0000000000000000e+00    0.0000000000000000e+00
   0.0000000000000000e+00    0.0000000000000000e+00    0.0000000000000000e+00
   0.0000000000000000e+00    0.0000000000000000e+00    0.0000000000000000e+00
   0.0000000000000000e+00    0.0000000000000000e+00    0.0000000000000000e+00
   0.0000000000000000e+00    0.0000000000000000e+00    0.0000000000000000e+00
   0.0000000000000000e+00    0.0000000000000000e+00    0.0000000000000000e+00
   0.0000000000000000e+00    0.0000000000000000e+00    0.0000000000000000e+00
   0.0000000000000000e+00    0.0000000000000000e+00    0.0000000000000000e+00
   0.0000000000000000e+00    0.0000000000000000e+00    0.0000000000000000e+00
   0.0000000000000000e+00    0.0000000000000000e+00    0.0000000000000000e+00
   0.0000000000000000e+00    0.0000000000000000e+00    0.0000000000000000e+00
   0.0000000000000000e+00    0.0000000000000000e+00    0.0000000000000000e+00
   0.0000000000000000e+00    0.0000000000000000e+00    0.0000000000000000e+00
   0.0000000000000000e+00    0.0000000000000000e+00    0.0000000000000000e+00
   0.0000000000000000e+00    0.0000000000000000e+00    0.0000000000000000e+00
   0.0000000000000000e+00    0.0000000000000000e+00    0.0000000000000000e+00
   0.0000000000000000e+00    0.0000000000000000e+00    0.0000000000000000e+00
   0.0000000000000000e+00    3.5074070551645092e-01    4.9179410543942481e-16
   0.0000000000000000e+00    0.0000000000000000e+00    0.0000000000000000e+00
  -3.5074070551645092e-01    0.0000000000000000e+00    9.4235059013818470e-02
   0.0000000000000000e+00    0.0000000000000000e+00    0.0000000000000000e+00
  -4.9179410543942481e-16   -9.4235059013818470e-02    0.0000000000000000e+00
   0.0000000000000000e+00    0.0000000000000000e+00    0.0000000000000000e+00
   0.0000000000000000e+00    0.0000000000000000e+00    0.0000000000000000e+00
   0.0000000000000000e+00    0.0000000000000000e+00    0.0000000000000000e+00
   0.0000000000000000e+00    0.0000000000000000e+00    0.0000000000000000e+00
   0.0000000000000000e+00    0.0000000000000000e+00    0.0000000000000000e+00
   0.0000000000000000e+00    0.0000000000000000e+00    0.0000000000000000e+00
   0.0000000000000000e+00    0.0000000000000000e+00    0.0000000000000000e+00
   0.0000000000000000e+00    4.9179410543942481e-16    3.7295648673989601e-01
   0.0000000000000000e+00    0.0000000000000000e+00    0.0000000000000000e+00
  -4.9179410543942481e-16    0.0000000000000000e+00   -4.8572257327350599e-17
   0.0000000000000000e+00    0.0000000000000000e+00    0.0000000000000000e+00
  -3.7295648673989601e-01    4.8572257327350599e-17    0.0000000000000000e+00
   0.0000000000000000e+00    0.0000000000000000e+00    0.0000000000000000e+00
  -1.7520707107365752e-16   -3.8553059609030693e-01   -2.2941717969793274e-16
   0.0000000000000000e+00    0.0000000000000000e+00    0.0000000000000000e+00
  -3.4789890573855890e-02   -2.9165038439860069e-16    9.0614018394347944e-03
   0.0000000000000000e+00    0.0000000000000000e+00    0.0000000000000000e+00
   2.6237692574149207e-16    1.0329646085325325e-01   -2.8319360745321376e-16
   1.7520707107365752e-16    3.4789890573855890e-02   -2.6237692574149207e-16
   0.0000000000000000e+00    0.0000000000000000e+00    0.0000000000000000e+00
   3.8553059609030693e-01    2.9165038439860069e-16   -1.0329646085325325e-01
   0.0000000000000000e+00    0.0000000000000000e+00    0.0000000000000000e+00
   2.2941717969793274e-16   -9.0614018394347944e-03    2.8319360745321376e-16
   0.0000000000000000e+00    0.0000000000000000e+00    0.0000000000000000e+00
   0.0000000000000000e+00    0.0000000000000000e+00    0.0000000000000000e+00
  -3.4789890573855890e-02   -2.9165038439860069e-16    9.0614018394347979e-03
   0.0000000000000000e+00    0.0000000000000000e+00    0.0000000000000000e+00
  -2.9165038439860069e-16   -4.6553407208342912e-01   -1.8523594116914843e-16
   0.0000000000000000e+00    0.0000000000000000e+00    0.0000000000000000e+00
   9.0614018394347979e-03   -1.8523594116914843e-16   -1.3821569982808052e-01
   3.4789890573855890e-02    2.9165038439860069e-16   -9.0614018394347979e-03
   0.0000000000000000e+00    0.0000000000000000e+00    0.0000000000000000e+00
   2.9165038439860069e-16    4.6553407208342912e-01    1.8523594116914843e-16
   0.0000000000000000e+00    0.0000000000000000e+00    0.0000000000000000e+00
  -9.0614018394347979e-03    1.8523594116914843e-16    1.3821569982808052e-01
   0.0000000000000000e+00    0.0000000000000000e+00    0.0000000000000000e+00
   0.0000000000000000e+00    0.0000000000000000e+00    0.0000000000000000e+00
   2.5370330836160804e-16    1.0329646085325327e-01   -2.6281060661048627e-16
   0.0000000000000000e+00    0.0000000000000000e+00    0.0000000000000000e+00
   9.0614018394347944e-03   -1.8523594116914843e-16   -1.3821569982808052e-01
   0.0000000000000000e+00    0.0000000000000000e+00    0.0000000000000000e+00
  -2.1423834928313568e-16   -5.4780322365591316e-01    4.0939474033052647e-16
  -2.5370330836160804e-16   -9.0614018394347944e-03    2.1423834928313568e-16
   0.0000000000000000e+00    0.0000000000000000e+00    0.0000000000000000e+00
  -1.0329646085325327e-01    1.8523594116914843e-16    5.4780322365591316e-01
   0.0000000000000000e+00    0.0000000000000000e+00    0.0000000000000000e+00
   2.6281060661048627e-16    1.3821569982808052e-01   -4.0939474033052647e-16
   0.0000000000000000e+00    0.0000000000000000e+00    0.0000000000000000e+00
   0.0000000000000000e+00    0.0000000000000000e+00    0.0000000000000000e+00
   0.0000000000000000e+00    0.0000000000000000e+00    0.0000000000000000e+00
   0.0000000000000000e+00    0.0000000000000000e+00    0.0000000000000000e+00
   0.0000000000000000e+00    0.0000000000000000e+00    0.0000000000000000e+00
   0.0000000000000000e+00    0.0000000000000000e+00    0.0000000000000000e+00
   0.0000000000000000e+00    0.0000000000000000e+00    0.0000000000000000e+00
   0.0000000000000000e+00    0.0000000000000000e+00    0.0000000000000000e+00
   0.0000000000000000e+00   -3.5074070551645098e-01   -4.9179410543942481e-16
   0.0000000000000000e+00    0.0000000000000000e+00    0.0000000000000000e+00
   3.5074070551645098e-01    0.0000000000000000e+00   -9.4235059013818470e-02
   0.0000000000000000e+00    0.0000000000000000e+00    0.0000000000000000e+00
   4.9179410543942481e-16    9.4235059013818470e-02    0.0000000000000000e+00
   0.0000000000000000e+00    0.0000000000000000e+00    0.0000000000000000e+00
   0.0000000000000000e+00    0.0000000000000000e+00    0.0000000000000000e+00
   0.0000000000000000e+00    0.0000000000000000e+00    0.0000000000000000e+00
   0.0000000000000000e+00    0.0000000000000000e+00    0.0000000000000000e+00
   0.0000000000000000e+00    0.0000000000000000e+00    0.0000000000000000e+00
   0.0000000000000000e+00    0.0000000000000000e+00    0.0000000000000000e+00
   0.0000000000000000e+00    0.0000000000000000e+00    0.0000000000000000e+00
   0.0000000000000000e+00    0.0000000000000000e+00    0.0000000000000000e+00
   0.0000000000000000e+00    0.0000000000000000e+00    0.0000000000000000e+00
   0.0000000000000000e+00    0.0000000000000000e+00    0.0000000000000000e+00
   0.0000000000000000e+00    0.0000000000000000e+00    0.0000000000000000e+00
   0.0000000000000000e+00    0.0000000000000000e+00    0.0000000000000000e+00
   0.0000000000000000e+00    0.0000000000000000e+00    0.0000000000000000e+00
   0.0000000000000000e+00    0.0000000000000000e+00    0.0000000000000000e+00
   0.0000000000000000e+00    0.0000000000000000e+00    0.0000000000000000e+00
   0.0000000000000000e+00    0.0000000000000000e+00    0.0000000000000000e+00
   0.0000000000000000e+00    0.0000000000000000e+00    0.0000000000000000e+00
   0.0000000000000000e+00    0.0000000000000000e+00    0.0000000000000000e+00
   0.0000000000000000e+00    0.0000000000000000e+00    0.0000000000000000e+00
   0.0000000000000000e+00    9.4235059013818484e-02   -4.8572257327350599e-17
   0.0000000000000000e+00    0.0000000000000000e+00    0.0000000000000000e+00
  -9.4235059013818484e-02    0.0000000000000000e+00    4.0958752382783259e-01
   0.0000000000000000e+00    0.0000000000000000e+00    0.0000000000000000e+00
   4.8572257327350599e-17   -4.0958752382783259e-01    0.0000000000000000e+00
   0.0000000000000000e+00    0.0000000000000000e+00    0.0000000000000000e+00
   5.8741759781007902e-02   -2.2941717969793274e-16   -4.4442580059698883e-01
   0.0000000000000000e+00    0.0000000000000000e+00    0.0000000000000000e+00
   2.6237692574149207e-16    9.0614018394347979e-03   -2.1423834928313568e-16
   0.0000000000000000e+00    0.0000000000000000e+00    0.0000000000000000e+00
  -7.1469313857092848e-02   -2.6281060661048627e-16    1.6783037576254226e-01
  -5.8741759781007902e-02   -2.6237692574149207e-16    7.1469313857092848e-02
   0.0000000000000000e+00    0.0000000000000000e+00    0.0000000000000000e+00
   2.2941717969793274e-16   -9.0614018394347979e-03    2.6281060661048627e-16
   0.0000000000000000e+00    0.0000000000000000e+00    0.0000000000000000e+00
   4.4442580059698883e-01    2.1423834928313568e-16   -1.6783037576254226e-01
   0.0000000000000000e+00    0.0000000000000000e+00    0.0000000000000000e+00
   0.0000000000000000e+00    0.0000000000000000e+00    0.0000000000000000e+00
   2.5370330836160804e-16    9.0614018394347944e-03   -2.1423834928313568e-16
   0.0000000000000000e+00    0.0000000000000000e+00    0.0000000000000000e+00
   1.0329646085325325e-01   -1.8523594116914843e-16   -5.4780322365591316e-01
   0.0000000000000000e+00    0.0000000000000000e+00    0.0000000000000000e+00
  -2.6281060661048627e-16   -1.3821569982808052e-01    4.0939474033052647e-16
  -2.5370330836160804e-16   -1.0329646085325325e-01    2.6281060661048627e-16
   0.0000000000000000e+00    0.0000000000000000e+00    0.0000000000000000e+00
  -9.0614018394347944e-03    1.8523594116914843e-16    1.3821569982808052e-01
   0.0000000000000000e+00    0.0000000000000000e+00    0.0000000000000000e+00
   2.1423834928313568e-16    5.4780322365591316e-01   -4.0939474033052647e-16
   0.0000000000000000e+00    0.0000000000000000e+00    0.0000000000000000e+00
   0.0000000000000000e+00    0.0000000000000000e+00    0.0000000000000000e+00
  -7.1469313857092834e-02   -2.8319360745321376e-16    1.6783037576254228e-01
   0.0000000000000000e+00    0.0000000000000000e+00    0.0000000000000000e+00
  -2.8319360745321376e-16   -1.3821569982808052e-01    4.0939474033052647e-16
   0.0000000000000000e+00    0.0000000000000000e+00    0.0000000000000000e+00
   1.6783037576254226e-01    4.0939474033052647e-16   -7.1377580779056149e-01
   7.1469313857092834e-02    2.8319360745321376e-16   -1.6783037576254226e-01
   0.0000000000000000e+00    0.0000000000000000e+00    0.0000000000000000e+00
   2.8319360745321376e-16    1.3821569982808052e-01   -4.0939474033052647e-16
   0.0000000000000000e+00    0.0000000000000000e+00    0.0000000000000000e+00
  -1.6783037576254228e-01   -4.0939474033052647e-16    7.1377580779056149e-01
   0.0000000000000000e+00    0.0000000000000000e+00    0.0000000000000000e+00
   0.0000000000000000e+00    0.0000000000000000e+00    0.0000000000000000e+00
   0.0000000000000000e+00    0.0000000000000000e+00    0.0000000000000000e+00
   0.0000000000000000e+00    0.0000000000000000e+00    0.0000000000000000e+00
   0.0000000000000000e+00    0.0000000000000000e+00    0.0000000000000000e+00
   0.0000000000000000e+00    0.0000000000000000e+00    0.0000000000000000e+00
   0.0000000000000000e+00    0.0000000000000000e+00    0.0000000000000000e+00
   0.0000000000000000e+00    0.0000000000000000e+00    0.0000000000000000e+00
   0.0000000000000000e+00   -4.9179410543942481e-16   -3.7295648673989595e-01
   0.0000000000000000e+00    0.0000000000000000e+00    0.0000000000000000e+00
   4.9179410543942481e-16    0.0000000000000000e+00    4.8572257327350599e-17
   0.0000000000000000e+00    0.0000000000000000e+00    0.0000000000000000e+00
   3.7295648673989595e-01   -4.8572257327350599e-17    0.0000000000000000e+00
   0.0000000000000000e+00    0.0000000000000000e+00    0.0000000000000000e+00
   0.0000000000000000e+00    0.0000000000000000e+00    0.0000000000000000e+00
   0.0000000000000000e+00    0.0000000000000000e+00    0.0000000000000000e+00
   0.0000000000000000e+00    0.0000000000000000e+00    0.0000000000000000e+00
   0.0000000000000000e+00    0.0000000000000000e+00    0.0000000000000000e+00
   0.0000000000000000e+00    0.0000000000000000e+00    0.0000000000000000e+00
   0.0000000000000000e+00    0.0000000000000000e+00    0.0000000000000000e+00
   0.0000000000000000e+00   -9.4235059013818456e-02    4.8572257327350599e-17
   0.0000000000000000e+00    0.0000000000000000e+00    0.0000000000000000e+00
   9.4235059013818456e-02    0.0000000000000000e+00   -4.0958752382783259e-01
   0.0000000000000000e+00    0.0000000000000000e+00    0.0000000000000000e+00
  -4.8572257327350599e-17    4.0958752382783259e-01    0.0000000000000000e+00
   0.0000000000000000e+00    0.0000000000000000e+00    0.0000000000000000e+00
   0.0000000000000000e+00    0.0000000000000000e+00    0.0000000000000000e+00
   0.0000000000000000e+00    0.0000000000000000e+00    0.0000000000000000e+00
   0.0000000000000000e+00    0.0000000000000000e+00    0.0000000000000000e+00
   0.0000000000000000e+00    0.0000000000000000e+00    0.0000000000000000e+00
   0.0000000000000000e+00    0.0000000000000000e+00    0.0000000000000000e+00
   0.0000000000000000e+00    0.0000000000000000e+00    0.0000000000000000e+00
   0.0000000000000000e+00    0.0000000000000000e+00    0.0000000000000000e+00
   0.0000000000000000e+00    0.0000000000000000e+00    0.0000000000000000e+00
   0.0000000000000000e+00    0.0000000000000000e+00    0.0000000000000000e+00
   0.0000000000000000e+00    0.0000000000000000e+00    0.0000000000000000e+00
   0.0000000000000000e+00    0.0000000000000000e+00    0.0000000000000000e+00

