T2 amplitudes:
4 4 4 8 8
   0.0000000000000000e+00    0.0000000000000000e+00    0.0000000000000000e+00
   0.0000000000000000e+00    0.0000000000000000e+00    0.0000000000000000e+00
   0.0000000000000000e+00    0.0000000000000000e+00    0.0000000000000000e+00
   0.0000000000000000e+00    0.0000000000000000e+00    0.0000000000000000e+00
   0.0000000000000000e+00    0.0000000000000000e+00    0.0000000000000000e+00
   0.0000000000000000e+00    0.0000000000000000e+00    0.0000000000000000e+00
   0.0000000000000000e+00    0.0000000000000000e+00    0.0000000000000000e+00
   0.0000000000000000e+00    0.0000000000000000e+00    0.0000000000000000e+00
   0.0000000000000000e+00    0.0000000000000000e+00    0.0000000000000000e+00
   0.0000000000000000e+00    0.0000000000000000e+00    0.0000000000000000e+00
   0.0000000000000000e+00    0.0000000000000000e+00    0.0000000000000000e+00
   0.0000000000000000e+00    0.0000000000000000e+00    0.0000000000000000e+00
   0.0000000000000000e+00    0.0000000000000000e+00    0.0000000000000000e+00
   0.0000000000000000e+00    0.0000000000000000e+00    0.0000000000000000e+00
   0.0000000000000000e+00    0.0000000000000000e+00    0.0000000000000000e+00
   0.0000000000000000e+00    0.0000000000000000e+00    0.0000000000000000e+00
   0.0000000000000000e+00    0.0000000000000000e+00    0.0000000000000000e+00
   0.0000000000000000e+00    0.0000000000000000e+00    0.0000000000000000e+00
   0.0000000000000000e+00    0.0000000000000000e+00    0.0000000000000000e+00
   0.0000000000000000e+00    0.0000000000000000e+00    0.0000000000000000e+00
   0.0000000000000000e+00    0.0000000000000000e+00    0.0000000000000000e+00
   0.0000000000000000e+00    0.0000000000000000e+00   -2.2943158001411370e-19
  -3.2312577639441337e-20   -2.3217687717790492e-03    0.0000000000000000e+00
   0.0000000000000000e+00    0.0000000000000000e+00    0.0000000000000000e+00
   2.2943158001411370e-19    0.0000000000000000e+00    8.0127869258979568e-31
  -8.8746677316386371e-19    0.0000000000000000e+00    0.0000000000000000e+00
   0.0000000000000000e+00    0.0000000000000000e+00    3.2312577639441337e-20
  -8.0127869258979568e-31    0.0000000000000000e+00    6.8130057052282230e-19
   0.0000000000000000e+00    0.0000000000000000e+00    0.0000000000000000e+00
   0.0000000000000000e+00    2.3217687717790492e-03    8.8746677316386371e-19
  -6.8130057052282230e-19    0.0000000000000000e+00    0.0000000000000000e+00
   0.0000000000000000e+00    0.0000000000000000e+00    0.0000000000000000e+00
   0.0000000000000000e+00    0.0000000000000000e+00    0.0000000000000000e+00
   0.0000000000000000e+00    0.0000000000000000e+00    0.0000000000000000e+00
   0.0000000000000000e+00    0.0000000000000000e+00    0.0000000000000000e+00
   0.0000000000000000e+00    0.0000000000000000e+00    0.0000000000000000e+00
   0.0000000000000000e+00    0.0000000000000000e+00    0.0000000000000000e+00
   0.0000000000000000e+00    0.0000000000000000e+00    0.0000000000000000e+00
   0.0000000000000000e+00    0.0000000000000000e+00    0.0000000000000000e+00
   0.0000000000000000e+00    0.0000000000000000e+00    0.0000000000000000e+00
   0.0000000000000000e+00    0.0000000000000000e+00    0.0000000000000000e+00
   0.0000000000000000e+00    0.0000000000000000e+00    0.0000000000000000e+00
   0.0000000000000000e+00    0.0000000000000000e+00    0.0000000000000000e+00
   0.0000000000000000e+00    0.0000000000000000e+00    0.0000000000000000e+00
  -3.5331560734904299e-03   -6.1121733916460706e-19   -9.0865753818164008e-19
  -1.2102491098882758e-03    0.0000000000000000e+00    0.0000000000000000e+00
   0.0000000000000000e+00    0.0000000000000000e+00   -6.1121733916460706e-19
  -1.7680912571288716e-03    9.5173563750064261e-21   -4.3708201652195884e-19
   0.0000000000000000e+00    0.0000000000000000e+00    0.0000000000000000e+00
   0.0000000000000000e+00   -9.0865753818164008e-19    9.5173563750064261e-21
  -1.7680912572223071e-03   -6.0053380222234203e-19    0.0000000000000000e+00
   0.0000000000000000e+00    0.0000000000000000e+00    0.0000000000000000e+00
  -1.2102491098882758e-03   -4.3708201652195884e-19   -6.0053380222234203e-19
  -3.1309880372089755e-04    3.5331560734904299e-03    6.1121733916460706e-19
   9.0865753818164008e-19    1.2102491098882758e-03    0.0000000000000000e+00
   0.0000000000000000e+00    0.0000000000000000e+00    0.0000000000000000e+00
   6.1121733916460706e-19    1.7680912571288716e-03   -9.5173563750064261e-21
   4.3708201652195884e-19    0.0000000000000000e+00    0.0000000000000000e+00
   0.0000000000000000e+00    0.0000000000000000e+00    9.0865753818164008e-19
  -9.5173563750064261e-21    1.7680912572223071e-03    6.0053380222234203e-19
   0.0000000000000000e+00    0.0000000000000000e+00    0.0000000000000000e+00
   0.0000000000000000e+00    1.2102491098882758e-03    4.3708201652195884e-19
   6.0053380222234203e-19    3.1309880372089755e-04    0.0000000000000000e+00
   0.0000000000000000e+00    0.0000000000000000e+00    0.0000000000000000e+00
   0.0000000000000000e+00    0.0000000000000000e+00    0.0000000000000000e+00
   0.0000000000000000e+00    4.3401106087662616e-04   -5.1565182673535548e-19
  -1.2385380613413577e-18   -3.1405956814561991e-03    0.0000000000000000e+00
   0.0000000000000000e+00    0.0000000000000000e+00    0.0000000000000000e+00
  -2.8622024672124197e-19    3.0177594074057858e-03   -1.5572557453582232e-20
  -9.1601995773388738e-19    0.0000000000000000e+00    0.0000000000000000e+00
   0.0000000000000000e+00    0.0000000000000000e+00   -1.2062254837019165e-18
  -1.5572557454383510e-20    3.0177594079162620e-03    1.7078393567438906e-18
   0.0000000000000000e+00    0.0000000000000000e+00    0.0000000000000000e+00
   0.0000000000000000e+00   -8.1882690967715135e-04   -2.8553184570023968e-20
   1.0265387862210679e-18    2.1756547609929860e-03   -4.3401106087662616e-04
   2.8622024672124197e-19    1.2062254837019165e-18    8.1882690967715135e-04
   0.0000000000000000e+00    0.0000000000000000e+00    0.0000000000000000e+00
   0.0000000000000000e+00    5.1565182673535548e-19   -3.0177594074057858e-03
   1.5572557454383510e-20    2.8553184570023968e-20    0.0000000000000000e+00
   0.0000000000000000e+00    0.0000000000000000e+00    0.0000000000000000e+00
   1.2385380613413577e-18    1.5572557453582232e-20   -3.0177594079162620e-03
  -1.0265387862210679e-18    0.0000000000000000e+00    0.0000000000000000e+00
   0.0000000000000000e+00    0.0000000000000000e+00    3.1405956814561991e-03
   9.1601995773388738e-19   -1.7078393567438906e-18   -2.1756547609929860e-03
   0.0000000000000000e+00    0.0000000000000000e+00    0.0000000000000000e+00
   0.0000000000000000e+00    0.0000000000000000e+00    2.2943158001411370e-19
   3.2312577639441337e-20    2.3217687717790492e-03    0.0000000000000000e+00
   0.0000000000000000e+00    0.0000000000000000e+00    0.0000000000000000e+00
  -2.2943158001411370e-19    0.0000000000000000e+00   -8.0127869258979568e-31
   8.8746677316386371e-19    0.0000000000000000e+00    0.0000000000000000e+00
   0.0000000000000000e+00    0.0000000000000000e+00   -3.2312577639441337e-20
   8.0127869258979568e-31    0.0000000000000000e+00   -6.8130057052282230e-19
   0.0000000000000000e+00    0.0000000000000000e+00    0.0000000000000000e+00
   0.0000000000000000e+00   -2.3217687717790492e-03   -8.8746677316386371e-19
   6.8130057052282230e-19    0.0000000000000000e+00    0.0000000000000000e+00
   0.0000000000000000e+00    0.0000000000000000e+00    0.0000000000000000e+00
   0.0000000000000000e+00    0.0000000000000000e+00    0.0000000000000000e+00
   0.0000000000000000e+00    0.0000000000000000e+00    0.0000000000000000e+00
   0.0000000000000000e+00    0.0000000000000000e+00    0.0000000000000000e+00
   0.0000000000000000e+00    0.0000000000000000e+00    0.0000000000000000e+00
   0.0000000000000000e+00    0.0000000000000000e+00    0.0000000000000000e+00
   0.0000000000000000e+00    0.0000000000000000e+00    0.0000000000000000e+00
   0.0000000000000000e+00    0.0000000000000000e+00    0.0000000000000000e+00
   0.0000000000000000e+00    0.0000000000000000e+00    0.0000000000000000e+00
   0.0000000000000000e+00    0.0000000000000000e+00    0.0000000000000000e+00
   0.0000000000000000e+00    0.0000000000000000e+00    0.0000000000000000e+00
   0.0000000000000000e+00    0.0000000000000000e+00    0.0000000000000000e+00
   0.0000000000000000e+00    0.0000000000000000e+00    0.0000000000000000e+00
   0.0000000000000000e+00    0.0000000000000000e+00    0.0000000000000000e+00
   0.0000000000000000e+00    0.0000000000000000e+00    0.0000000000000000e+00
   0.0000000000000000e+00    0.0000000000000000e+00    0.0000000000000000e+00
   0.0000000000000000e+00    0.0000000000000000e+00    0.0000000000000000e+00
   0.0000000000000000e+00    0.0000000000000000e+00    0.0000000000000000e+00
   0.0000000000000000e+00    0.0000000000000000e+00    0.0000000000000000e+00
   0.0000000000000000e+00    0.0000000000000000e+00    0.0000000000000000e+00
   0.0000000000000000e+00    0.0000000000000000e+00    0.0000000000000000e+00
   0.0000000000000000e+00    0.0000000000000000e+00    0.0000000000000000e+00
   0.0000000000000000e+00    0.0000000000000000e+00    0.0000000000000000e+00
   0.0000000000000000e+00    0.0000000000000000e+00    0.0000000000000000e+00
   0.0000000000000000e+00    0.0000000000000000e+00    0.0000000000000000e+00
   0.0000000000000000e+00    0.0000000000000000e+00    0.0000000000000000e+00
   0.0000000000000000e+00    0.0000000000000000e+00    0.0000000000000000e+00
   0.0000000000000000e+00    0.0000000000000000e+00    0.0000000000000000e+00
   0.0000000000000000e+00    0.0000000000000000e+00    0.0000000000000000e+00
   0.0000000000000000e+00    0.0000000000000000e+00    0.0000000000000000e+00
   0.0000000000000000e+00    0.0000000000000000e+00    0.0000000000000000e+00
   0.0000000000000000e+00    0.0000000000000000e+00    0.0000000000000000e+00
   0.0000000000000000e+00    0.0000000000000000e+00    0.0000000000000000e+00
   0.0000000000000000e+00    0.0000000000000000e+00    0.0000000000000000e+00
   0.0000000000000000e+00    4.3401106087662616e-04   -2.8622024672124197e-19
  -1.2062254837019165e-18   -8.1882690967715135e-04    0.0000000000000000e+00
   0.0000000000000000e+00    0.0000000000000000e+00    0.0000000000000000e+00
  -5.1565182673535548e-19    3.0177594074057858e-03   -1.5572557454383510e-20
  -2.8553184570023968e-20    0.0000000000000000e+00    0.0000000000000000e+00
   0.0000000000000000e+00    0.0000000000000000e+00   -1.2385380613413577e-18
  -1.5572557453582232e-20    3.0177594079162620e-03    1.0265387862210679e-18
   0.0000000000000000e+00    0.0000000000000000e+00    0.0000000000000000e+00
   0.0000000000000000e+00   -3.1405956814561991e-03   -9.1601995773388738e-19
   1.7078393567438906e-18    2.1756547609929860e-03   -4.3401106087662616e-04
   5.1565182673535548e-19    1.2385380613413577e-18    3.1405956814561991e-03
   0.0000000000000000e+00    0.0000000000000000e+00    0.0000000000000000e+00
   0.0000000000000000e+00    2.8622024672124197e-19   -3.0177594074057858e-03
   1.5572557453582232e-20    9.1601995773388738e-19    0.0000000000000000e+00
   0.0000000000000000e+00    0.0000000000000000e+00    0.0000000000000000e+00
   1.2062254837019165e-18    1.5572557454383510e-20   -3.0177594079162620e-03
  -1.7078393567438906e-18    0.0000000000000000e+00    0.0000000000000000e+00
   0.0000000000000000e+00    0.0000000000000000e+00    8.1882690967715135e-04
   2.8553184570023968e-20   -1.0265387862210679e-18   -2.1756547609929860e-03
   0.0000000000000000e+00    0.0000000000000000e+00    0.0000000000000000e+00
   0.0000000000000000e+00    0.0000000000000000e+00    0.0000000000000000e+00
   0.0000000000000000e+00    0.0000000000000000e+00   -2.3479421208335370e-02
  -3.6796141405752076e-18    1.9660129697123252e-17    4.4504883850424018e-02
   0.0000000000000000e+00    0.0000000000000000e+00    0.0000000000000000e+00
   0.0000000000000000e+00   -3.6796141405752076e-18   -3.4346809377110425e-02
   2.2667626486468833e-19    1.4803456797584224e-17    0.0000000000000000e+00
   0.0000000000000000e+00    0.0000000000000000e+00    0.0000000000000000e+00
   1.9660129697123252e-17    2.2667626486468833e-19   -3.4346809426227053e-02
  -4.1442821007463844e-17    0.0000000000000000e+00    0.0000000000000000e+00
   0.0000000000000000e+00    0.0000000000000000e+00    4.4504883850424018e-02
   1.4803456797584224e-17   -4.1442821007463844e-17   -9.6168856680601614e-02
   2.3479421208335370e-02    3.6796141405752076e-18   -1.9660129697123252e-17
  -4.4504883850424018e-02    0.0000000000000000e+00    0.0000000000000000e+00
   0.0000000000000000e+00    0.0000000000000000e+00    3.6796141405752076e-18
   3.4346809377110425e-02   -2.2667626486468833e-19   -1.4803456797584224e-17
   0.0000000000000000e+00    0.0000000000000000e+00    0.0000000000000000e+00
   0.0000000000000000e+00   -1.9660129697123252e-17   -2.2667626486468833e-19
   3.4346809426227053e-02    4.1442821007463844e-17    0.0000000000000000e+00
   0.0000000000000000e+00    0.0000000000000000e+00    0.0000000000000000e+00
  -4.4504883850424018e-02   -1.4803456797584224e-17    4.1442821007463844e-17
   9.6168856680601614e-02    0.0000000000000000e+00    0.0000000000000000e+00
   0.0000000000000000e+00    0.0000000000000000e+00    0.0000000000000000e+00
   0.0000000000000000e+00    0.0000000000000000e+00    0.0000000000000000e+00
   3.5331560734904299e-03    6.1121733916460706e-19    9.0865753818164008e-19
   1.2102491098882758e-03    0.0000000000000000e+00    0.0000000000000000e+00
   0.0000000000000000e+00    0.0000000000000000e+00    6.1121733916460706e-19
   1.7680912571288716e-03   -9.5173563750064261e-21    4.3708201652195884e-19
   0.0000000000000000e+00    0.0000000000000000e+00    0.0000000000000000e+00
   0.0000000000000000e+00    9.0865753818164008e-19   -9.5173563750064261e-21
   1.7680912572223071e-03    6.0053380222234203e-19    0.0000000000000000e+00
   0.0000000000000000e+00    0.0000000000000000e+00    0.0000000000000000e+00
   1.2102491098882758e-03    4.3708201652195884e-19    6.0053380222234203e-19
   3.1309880372089755e-04   -3.5331560734904299e-03   -6.1121733916460706e-19
  -9.0865753818164008e-19   -1.2102491098882758e-03    0.0000000000000000e+00
   0.0000000000000000e+00    0.0000000000000000e+00    0.0000000000000000e+00
  -6.1121733916460706e-19   -1.7680912571288716e-03    9.5173563750064261e-21
  -4.3708201652195884e-19    0.0000000000000000e+00    0.0000000000000000e+00
   0.0000000000000000e+00    0.0000000000000000e+00   -9.0865753818164008e-19
   9.5173563750064261e-21   -1.7680912572223071e-03   -6.0053380222234203e-19
   0.0000000000000000e+00    0.0000000000000000e+00    0.0000000000000000e+00
   0.0000000000000000e+00   -1.2102491098882758e-03   -4.3708201652195884e-19
  -6.0053380222234203e-19   -3.1309880372089755e-04    0.0000000000000000e+00
   0.0000000000000000e+00    0.0000000000000000e+00    0.0000000000000000e+00
   0.0000000000000000e+00    0.0000000000000000e+00    0.0000000000000000e+00
   0.0000000000000000e+00   -4.3401106087662616e-04    2.8622024672124197e-19
   1.2062254837019165e-18    8.1882690967715135e-04    0.0000000000000000e+00
   0.0000000000000000e+00    0.0000000000000000e+00    0.0000000000000000e+00
   5.1565182673535548e-19   -3.0177594074057858e-03    1.5572557454383510e-20
   2.8553184570023968e-20    0.0000000000000000e+00    0.0000000000000000e+00
   0.0000000000000000e+00    0.0000000000000000e+00    1.2385380613413577e-18
   1.5572557453582232e-20   -3.0177594079162620e-03   -1.0265387862210679e-18
   0.0000000000000000e+00    0.0000000000000000e+00    0.0000000000000000e+00
   0.0000000000000000e+00    3.1405956814561991e-03    9.1601995773388738e-19
  -1.7078393567438906e-18   -2.1756547609929860e-03    4.3401106087662616e-04
  -5.1565182673535548e-19   -1.2385380613413577e-18   -3.1405956814561991e-03
   0.0000000000000000e+00    0.0000000000000000e+00    0.0000000000000000e+00
   0.0000000000000000e+00   -2.8622024672124197e-19    3.0177594074057858e-03
  -1.5572557453582232e-20   -9.1601995773388738e-19    0.0000000000000000e+00
   0.0000000000000000e+00    0.0000000000000000e+00    0.0000000000000000e+00
  -1.2062254837019165e-18   -1.5572557454383510e-20    3.0177594079162620e-03
   1.7078393567438906e-18    0.0000000000000000e+00    0.0000000000000000e+00
   0.0000000000000000e+00    0.0000000000000000e+00   -8.1882690967715135e-04
  -2.8553184570023968e-20    1.0265387862210679e-18    2.1756547609929860e-03
   0.0000000000000000e+00    0.0000000000000000e+00    0.0000000000000000e+00
   0.0000000000000000e+00    0.0000000000000000e+00    0.0000000000000000e+00
   0.0000000000000000e+00    0.0000000000000000e+00    0.0000000000000000e+00
   0.0000000000000000e+00    0.0000000000000000e+00    0.0000000000000000e+00
   0.0000000000000000e+00    0.0000000000000000e+00    0.0000000000000000e+00
   0.0000000000000000e+00    0.0000000000000000e+00    0.0000000000000000e+00
   0.0000000000000000e+00    0.0000000000000000e+00    0.0000000000000000e+00
   0.0000000000000000e+00    0.0000000000000000e+00    0.0000000000000000e+00
   0.0000000000000000e+00    0.0000000000000000e+00    0.0000000000000000e+00
   0.0000000000000000e+00    0.0000000000000000e+00    0.0000000000000000e+00
   0.0000000000000000e+00    0.0000000000000000e+00    0.0000000000000000e+00
   0.0000000000000000e+00    0.0000000000000000e+00    0.0000000000000000e+00
   0.0000000000000000e+00    0.0000000000000000e+00    0.0000000000000000e+00
   0.0000000000000000e+00    0.0000000000000000e+00    0.0000000000000000e+00
   0.0000000000000000e+00    0.0000000000000000e+00    0.0000000000000000e+00
   0.0000000000000000e+00    0.0000000000000000e+00    0.0000000000000000e+00
   0.0000000000000000e+00    0.0000000000000000e+00    0.0000000000000000e+00
   0.0000000000000000e+00    0.0000000000000000e+00    0.0000000000000000e+00
   0.0000000000000000e+00    0.0000000000000000e+00    0.0000000000000000e+00
   0.0000000000000000e+00    0.0000000000000000e+00    0.0000000000000000e+00
   0.0000000000000000e+00    0.0000000000000000e+00    0.0000000000000000e+00
   0.0000000000000000e+00    0.0000000000000000e+00    0.0000000000000000e+00
   0.0000000000000000e+00    0.0000000000000000e+00    0.0000000000000000e+00
   0.0000000000000000e+00    0.0000000000000000e+00    0.0000000000000000e+00
   0.0000000000000000e+00    0.0000000000000000e+00    0.0000000000000000e+00
   0.0000000000000000e+00    0.0000000000000000e+00    0.0000000000000000e+00
   0.0000000000000000e+00    0.0000000000000000e+00    0.0000000000000000e+00
   0.0000000000000000e+00    0.0000000000000000e+00    0.0000000000000000e+00
   0.0000000000000000e+00    0.0000000000000000e+00    0.0000000000000000e+00
   0.0000000000000000e+00    0.0000000000000000e+00    0.0000000000000000e+00
   0.0000000000000000e+00    0.0000000000000000e+00    0.0000000000000000e+00
   0.0000000000000000e+00    0.0000000000000000e+00    0.0000000000000000e+00
   0.0000000000000000e+00    0.0000000000000000e+00    0.0000000000000000e+00
   0.0000000000000000e+00    0.0000000000000000e+00    0.0000000000000000e+00
   0.0000000000000000e+00    0.0000000000000000e+00    0.0000000000000000e+00
  -2.2943158001411370e-19   -3.2312577639441337e-20   -2.3217687717790492e-03
   0.0000000000000000e+00    0.0000000000000000e+00    0.0000000000000000e+00
   0.0000000000000000e+00    2.2943158001411370e-19    0.0000000000000000e+00
   8.0127869258979568e-31   -8.8746677316386371e-19    0.0000000000000000e+00
   0.0000000000000000e+00    0.0000000000000000e+00    0.0000000000000000e+00
   3.2312577639441337e-20   -8.0127869258979568e-31    0.0000000000000000e+00
   6.8130057052282230e-19    0.0000000000000000e+00    0.0000000000000000e+00
   0.0000000000000000e+00    0.0000000000000000e+00    2.3217687717790492e-03
   8.8746677316386371e-19   -6.8130057052282230e-19    0.0000000000000000e+00
   0.0000000000000000e+00    0.0000000000000000e+00    0.0000000000000000e+00
   0.0000000000000000e+00   -4.3401106087662616e-04    5.1565182673535548e-19
   1.2385380613413577e-18    3.1405956814561991e-03    0.0000000000000000e+00
   0.0000000000000000e+00    0.0000000000000000e+00    0.0000000000000000e+00
   2.8622024672124197e-19   -3.0177594074057858e-03    1.5572557453582232e-20
   9.1601995773388738e-19    0.0000000000000000e+00    0.0000000000000000e+00
   0.0000000000000000e+00    0.0000000000000000e+00    1.2062254837019165e-18
   1.5572557454383510e-20   -3.0177594079162620e-03   -1.7078393567438906e-18
   0.0000000000000000e+00    0.0000000000000000e+00    0.0000000000000000e+00
   0.0000000000000000e+00    8.1882690967715135e-04    2.8553184570023968e-20
  -1.0265387862210679e-18   -2.1756547609929860e-03    4.3401106087662616e-04
  -2.8622024672124197e-19   -1.2062254837019165e-18   -8.1882690967715135e-04
   0.0000000000000000e+00    0.0000000000000000e+00    0.0000000000000000e+00
   0.0000000000000000e+00   -5.1565182673535548e-19    3.0177594074057858e-03
  -1.5572557454383510e-20   -2.8553184570023968e-20    0.0000000000000000e+00
   0.0000000000000000e+00    0.0000000000000000e+00    0.0000000000000000e+00
  -1.2385380613413577e-18   -1.5572557453582232e-20    3.0177594079162620e-03
   1.0265387862210679e-18    0.0000000000000000e+00    0.0000000000000000e+00
   0.0000000000000000e+00    0.0000000000000000e+00   -3.1405956814561991e-03
  -9.1601995773388738e-19    1.7078393567438906e-18    2.1756547609929860e-03
   0.0000000000000000e+00    0.0000000000000000e+00    0.0000000000000000e+00
   0.0000000000000000e+00    0.0000000000000000e+00    0.0000000000000000e+00
   0.0000000000000000e+00    0.0000000000000000e+00    2.3479421208335370e-02
   3.6796141405752076e-18   -1.9660129697123252e-17   -4.4504883850424018e-02
   0.0000000000000000e+00    0.0000000000000000e+00    0.0000000000000000e+00
   0.0000000000000000e+00    3.6796141405752076e-18    3.4346809377110425e-02
  -2.2667626486468833e-19   -1.4803456797584224e-17    0.0000000000000000e+00
   0.0000000000000000e+00    0.0000000000000000e+00    0.0000000000000000e+00
  -1.9660129697123252e-17   -2.2667626486468833e-19    3.4346809426227053e-02
   4.1442821007463844e-17    0.0000000000000000e+00    0.0000000000000000e+00
   0.0000000000000000e+00    0.0000000000000000e+00   -4.4504883850424018e-02
  -1.4803456797584224e-17    4.1442821007463844e-17    9.6168856680601614e-02
  -2.3479421208335370e-02   -3.6796141405752076e-18    1.9660129697123252e-17
   4.4504883850424018e-02    0.0000000000000000e+00    0.0000000000000000e+00
   0.0000000000000000e+00    0.0000000000000000e+00   -3.6796141405752076e-18
  -3.4346809377110425e-02    2.2667626486468833e-19    1.4803456797584224e-17
   0.0000000000000000e+00    0.0000000000000000e+00    0.0000000000000000e+00
   0.0000000000000000e+00    1.9660129697123252e-17    2.2667626486468833e-19
  -3.4346809426227053e-02   -4.1442821007463844e-17    0.0000000000000000e+00
   0.0000000000000000e+00    0.0000000000000000e+00    0.0000000000000000e+00
   4.4504883850424018e-02    1.4803456797584224e-17   -4.1442821007463844e-17
  -9.6168856680601614e-02    0.0000000000000000e+00    0.0000000000000000e+00
   0.0000000000000000e+00    0.0000000000000000e+00    0.0000000000000000e+00
   0.0000000000000000e+00    0.0000000000000000e+00    0.0000000000000000e+00
   0.0000000000000000e+00    0.0000000000000000e+00    0.0000000000000000e+00
   0.0000000000000000e+00    0.0000000000000000e+00    0.0000000000000000e+00
   0.0000000000000000e+00    0.0000000000000000e+00    0.0000000000000000e+00
   0.0000000000000000e+00    0.0000000000000000e+00    0.0000000000000000e+00
   0.0000000000000000e+00    0.0000000000000000e+00    0.0000000000000000e+00
   0.0000000000000000e+00    0.0000000000000000e+00    0.0000000000000000e+00
   0.0000000000000000e+00    0.0000000000000000e+00    0.0000000000000000e+00
   0.0000000000000000e+00    0.0000000000000000e+00    0.0000000000000000e+00
   0.0000000000000000e+00    0.0000000000000000e+00    0.0000000000000000e+00
   0.0000000000000000e+00    0.0000000000000000e+00    0.0000000000000000e+00
   0.0000000000000000e+00    0.0000000000000000e+00    0.0000000000000000e+00
   2.2943158001411370e-19    3.2312577639441337e-20    2.3217687717790492e-03
   0.0000000000000000e+00    0.0000000000000000e+00    0.0000000000000000e+00
   0.0000000000000000e+00   -2.2943158001411370e-19    0.0000000000000000e+00
  -8.0127869258979568e-31    8.8746677316386371e-19    0.0000000000000000e+00
   0.0000000000000000e+00    0.0000000000000000e+00    0.0000000000000000e+00
  -3.2312577639441337e-20    8.0127869258979568e-31    0.0000000000000000e+00
  -6.8130057052282230e-19    0.0000000000000000e+00    0.0000000000000000e+00
   0.0000000000000000e+00    0.0000000000000000e+00   -2.3217687717790492e-03
  -8.8746677316386371e-19    6.8130057052282230e-19    0.0000000000000000e+00
   0.0000000000000000e+00    0.0000000000000000e+00    0.0000000000000000e+00
   0.0000000000000000e+00    0.0000000000000000e+00    0.0000000000000000e+00
   0.0000000000000000e+00    0.0000000000000000e+00    0.0000000000000000e+00
   0.0000000000000000e+00    0.0000000000000000e+00    0.0000000000000000e+00
   0.0000000000000000e+00    0.0000000000000000e+00    0.0000000000000000e+00
   0.0000000000000000e+00    0.0000000000000000e+00    0.0000000000000000e+00
   0.0000000000000000e+00    0.0000000000000000e+00    0.0000000000000000e+00
   0.0000000000000000e+00    0.0000000000000000e+00    0.0000000000000000e+00
   0.0000000000000000e+00    0.0000000000000000e+00    0.0000000000000000e+00
   0.0000000000000000e+00    0.0000000000000000e+00    0.0000000000000000e+00
   0.0000000000000000e+00    0.0000000000000000e+00    0.0000000000000000e+00
   0.0000000000000000e+00    0.0000000000000000e+00    0.0000000000000000e+00
   0.0000000000000000e+00    0.0000000000000000e+00    0.0000000000000000e+00
   0.0000000000000000e+00    0.0000000000000000e+00    0.0000000000000000e+00
   0.0000000000000000e+00    0.0000000000000000e+00    0.0000000000000000e+00
   0.0000000000000000e+00    0.0000000000000000e+00    0.0000000000000000e+00
   0.0000000000000000e+00    0.0000000000000000e+00    0.0000000000000000e+00
   0.0000000000000000e+00    0.0000000000000000e+00    0.0000000000000000e+00
   0.0000000000000000e+00    0.0000000000000000e+00    0.0000000000000000e+00
   0.0000000000000000e+00    0.0000000000000000e+00    0.0000000000000000e+00
   0.0000000000000000e+00    0.0000000000000000e+00    0.0000000000000000e+00
   0.0000000000000000e+00 
