OOOO
4 2 2 2 2
   0.0000000000000000e+00    0.0000000000000000e+00    0.0000000000000000e+00
   0.0000000000000000e+00    0.0000000000000000e+00    5.2415155793602697e-01
  -5.2415155793602697e-01    0.0000000000000000e+00    0.0000000000000000e+00
  -5.2415155793602697e-01    5.2415155793602697e-01    0.0000000000000000e+00
   0.0000000000000000e+00    0.0000000000000000e+00    0.0000000000000000e+00
   0.0000000000000000e+00 
OOOV
4 2 2 2 6
   0.0000000000000000e+00    0.0000000000000000e+00    0.0000000000000000e+00
   0.0000000000000000e+00    0.0000000000000000e+00    0.0000000000000000e+00
   0.0000000000000000e+00    0.0000000000000000e+00    0.0000000000000000e+00
   0.0000000000000000e+00    0.0000000000000000e+00    0.0000000000000000e+00
   0.0000000000000000e+00    0.0000000000000000e+00    0.0000000000000000e+00
   6.5572547391923308e-16   -1.1421943926929422e-01   -1.5959455978986625e-16
  -6.5572547391923308e-16    1.1421943926929422e-01    1.5959455978986625e-16
   0.0000000000000000e+00    0.0000000000000000e+00    0.0000000000000000e+00
   0.0000000000000000e+00    0.0000000000000000e+00    0.0000000000000000e+00
  -6.5572547391923308e-16    1.1421943926929422e-01    1.5959455978986625e-16
   6.5572547391923308e-16   -1.1421943926929422e-01   -1.5959455978986625e-16
   0.0000000000000000e+00    0.0000000000000000e+00    0.0000000000000000e+00
   0.0000000000000000e+00    0.0000000000000000e+00    0.0000000000000000e+00
   0.0000000000000000e+00    0.0000000000000000e+00    0.0000000000000000e+00
   0.0000000000000000e+00    0.0000000000000000e+00    0.0000000000000000e+00
   0.0000000000000000e+00    0.0000000000000000e+00    0.0000000000000000e+00

OOVV
4 2 2 6 6
   0.0000000000000000e+00    0.0000000000000000e+00    0.0000000000000000e+00
   0.0000000000000000e+00    0.0000000000000000e+00    0.0000000000000000e+00
   0.0000000000000000e+00    0.0000000000000000e+00    0.0000000000000000e+00
   0.0000000000000000e+00    0.0000000000000000e+00    0.0000000000000000e+00
   0.0000000000000000e+00    0.0000000000000000e+00    0.0000000000000000e+00
   0.0000000000000000e+00    0.0000000000000000e+00    0.0000000000000000e+00
   0.0000000000000000e+00    0.0000000000000000e+00    0.0000000000000000e+00
   0.0000000000000000e+00    0.0000000000000000e+00    0.0000000000000000e+00
   0.0000000000000000e+00    0.0000000000000000e+00    0.0000000000000000e+00
   0.0000000000000000e+00    0.0000000000000000e+00    0.0000000000000000e+00
   0.0000000000000000e+00    0.0000000000000000e+00    0.0000000000000000e+00
   0.0000000000000000e+00    0.0000000000000000e+00    0.0000000000000000e+00
   0.0000000000000000e+00    0.0000000000000000e+00    0.0000000000000000e+00
   1.2298084174082394e-01   -6.8218000692787939e-16    7.7478302079913575e-02
   0.0000000000000000e+00    0.0000000000000000e+00    0.0000000000000000e+00
  -6.8218000692787939e-16    8.4548079855301217e-02   -2.4849913793367762e-16
   0.0000000000000000e+00    0.0000000000000000e+00    0.0000000000000000e+00
   7.7478302079913575e-02   -2.4849913793367762e-16    9.4713349511820408e-02
  -1.2298084174082394e-01    6.8218000692787939e-16   -7.7478302079913575e-02
   0.0000000000000000e+00    0.0000000000000000e+00    0.0000000000000000e+00
   6.8218000692787939e-16   -8.4548079855301217e-02    2.4849913793367762e-16
   0.0000000000000000e+00    0.0000000000000000e+00    0.0000000000000000e+00
  -7.7478302079913575e-02    2.4849913793367762e-16   -9.4713349511820408e-02
   0.0000000000000000e+00    0.0000000000000000e+00    0.0000000000000000e+00
   0.0000000000000000e+00    0.0000000000000000e+00    0.0000000000000000e+00
  -1.2298084174082394e-01    6.8218000692787939e-16   -7.7478302079913575e-02
   0.0000000000000000e+00    0.0000000000000000e+00    0.0000000000000000e+00
   6.8218000692787939e-16   -8.4548079855301217e-02    2.4849913793367762e-16
   0.0000000000000000e+00    0.0000000000000000e+00    0.0000000000000000e+00
  -7.7478302079913575e-02    2.4849913793367762e-16   -9.4713349511820408e-02
   1.2298084174082394e-01   -6.8218000692787939e-16    7.7478302079913575e-02
   0.0000000000000000e+00    0.0000000000000000e+00    0.0000000000000000e+00
  -6.8218000692787939e-16    8.4548079855301217e-02   -2.4849913793367762e-16
   0.0000000000000000e+00    0.0000000000000000e+00    0.0000000000000000e+00
   7.7478302079913575e-02   -2.4849913793367762e-16    9.4713349511820408e-02
   0.0000000000000000e+00    0.0000000000000000e+00    0.0000000000000000e+00
   0.0000000000000000e+00    0.0000000000000000e+00    0.0000000000000000e+00
   0.0000000000000000e+00    0.0000000000000000e+00    0.0000000000000000e+00
   0.0000000000000000e+00    0.0000000000000000e+00    0.0000000000000000e+00
   0.0000000000000000e+00    0.0000000000000000e+00    0.0000000000000000e+00
   0.0000000000000000e+00    0.0000000000000000e+00    0.0000000000000000e+00
   0.0000000000000000e+00    0.0000000000000000e+00    0.0000000000000000e+00
   0.0000000000000000e+00    0.0000000000000000e+00    0.0000000000000000e+00
   0.0000000000000000e+00    0.0000000000000000e+00    0.0000000000000000e+00
   0.0000000000000000e+00    0.0000000000000000e+00    0.0000000000000000e+00
   0.0000000000000000e+00    0.0000000000000000e+00    0.0000000000000000e+00
   0.0000000000000000e+00    0.0000000000000000e+00    0.0000000000000000e+00
   0.0000000000000000e+00    0.0000000000000000e+00    0.0000000000000000e+00

OVOV
4 2 6 2 6
   3.1630734485088929e-01   -3.4781205693334982e-16    5.0544400084532953e-02
   0.0000000000000000e+00    0.0000000000000000e+00    0.0000000000000000e+00
   0.0000000000000000e+00    0.0000000000000000e+00    0.0000000000000000e+00
   0.0000000000000000e+00    0.0000000000000000e+00    0.0000000000000000e+00
  -3.4781205693334982e-16    4.0219725986341509e-01   -4.9873299934333204e-17
   0.0000000000000000e+00    0.0000000000000000e+00    0.0000000000000000e+00
   0.0000000000000000e+00    0.0000000000000000e+00    0.0000000000000000e+00
   0.0000000000000000e+00    0.0000000000000000e+00    0.0000000000000000e+00
   5.0544400084532953e-02   -4.9873299934333204e-17    4.2416115020581113e-01
   0.0000000000000000e+00    0.0000000000000000e+00    0.0000000000000000e+00
   0.0000000000000000e+00    0.0000000000000000e+00    0.0000000000000000e+00
   0.0000000000000000e+00    0.0000000000000000e+00    0.0000000000000000e+00
   0.0000000000000000e+00    0.0000000000000000e+00    0.0000000000000000e+00
   4.3928818659171320e-01   -1.0299920638612292e-15    1.2802270216444653e-01
  -1.2298084174082394e-01    6.8218000692787939e-16   -7.7478302079913575e-02
   0.0000000000000000e+00    0.0000000000000000e+00    0.0000000000000000e+00
   0.0000000000000000e+00    0.0000000000000000e+00    0.0000000000000000e+00
  -1.0299920638612292e-15    4.8674533971871631e-01   -2.9837243786801082e-16
   6.8218000692787939e-16   -8.4548079855301217e-02    2.4849913793367762e-16
   0.0000000000000000e+00    0.0000000000000000e+00    0.0000000000000000e+00
   0.0000000000000000e+00    0.0000000000000000e+00    0.0000000000000000e+00
   1.2802270216444653e-01   -2.9837243786801082e-16    5.1887449971763155e-01
  -7.7478302079913575e-02    2.4849913793367762e-16   -9.4713349511820408e-02
   0.0000000000000000e+00    0.0000000000000000e+00    0.0000000000000000e+00
   0.0000000000000000e+00    0.0000000000000000e+00    0.0000000000000000e+00
  -1.2298084174082394e-01    6.8218000692787939e-16   -7.7478302079913575e-02
   4.3928818659171320e-01   -1.0299920638612292e-15    1.2802270216444653e-01
   0.0000000000000000e+00    0.0000000000000000e+00    0.0000000000000000e+00
   0.0000000000000000e+00    0.0000000000000000e+00    0.0000000000000000e+00
   6.8218000692787939e-16   -8.4548079855301217e-02    2.4849913793367762e-16
  -1.0299920638612292e-15    4.8674533971871631e-01   -2.9837243786801082e-16
   0.0000000000000000e+00    0.0000000000000000e+00    0.0000000000000000e+00
   0.0000000000000000e+00    0.0000000000000000e+00    0.0000000000000000e+00
  -7.7478302079913575e-02    2.4849913793367762e-16   -9.4713349511820408e-02
   1.2802270216444653e-01   -2.9837243786801082e-16    5.1887449971763155e-01
   0.0000000000000000e+00    0.0000000000000000e+00    0.0000000000000000e+00
   0.0000000000000000e+00    0.0000000000000000e+00    0.0000000000000000e+00
   0.0000000000000000e+00    0.0000000000000000e+00    0.0000000000000000e+00
   0.0000000000000000e+00    0.0000000000000000e+00    0.0000000000000000e+00
   3.1630734485088929e-01   -3.4781205693334982e-16    5.0544400084532953e-02
   0.0000000000000000e+00    0.0000000000000000e+00    0.0000000000000000e+00
   0.0000000000000000e+00    0.0000000000000000e+00    0.0000000000000000e+00
   0.0000000000000000e+00    0.0000000000000000e+00    0.0000000000000000e+00
  -3.4781205693334982e-16    4.0219725986341509e-01   -4.9873299934333204e-17
   0.0000000000000000e+00    0.0000000000000000e+00    0.0000000000000000e+00
   0.0000000000000000e+00    0.0000000000000000e+00    0.0000000000000000e+00
   0.0000000000000000e+00    0.0000000000000000e+00    0.0000000000000000e+00
   5.0544400084532953e-02   -4.9873299934333204e-17    4.2416115020581113e-01

OVVV
4 2 6 6 6
   0.0000000000000000e+00    4.3965217007760890e-02    1.3183898417423734e-16
   0.0000000000000000e+00    0.0000000000000000e+00    0.0000000000000000e+00
  -4.3965217007760890e-02    0.0000000000000000e+00   -1.9192211639990894e-02
   0.0000000000000000e+00    0.0000000000000000e+00    0.0000000000000000e+00
  -1.3183898417423734e-16    1.9192211639990894e-02    0.0000000000000000e+00
   0.0000000000000000e+00    0.0000000000000000e+00    0.0000000000000000e+00
   0.0000000000000000e+00    0.0000000000000000e+00    0.0000000000000000e+00
   0.0000000000000000e+00    0.0000000000000000e+00    0.0000000000000000e+00
   0.0000000000000000e+00    0.0000000000000000e+00    0.0000000000000000e+00
   0.0000000000000000e+00    0.0000000000000000e+00    0.0000000000000000e+00
   0.0000000000000000e+00    0.0000000000000000e+00    0.0000000000000000e+00
   0.0000000000000000e+00    0.0000000000000000e+00    0.0000000000000000e+00
   0.0000000000000000e+00    1.1310397063368782e-15   -7.7591879548524950e-02
   0.0000000000000000e+00    0.0000000000000000e+00    0.0000000000000000e+00
  -1.1310397063368782e-15    0.0000000000000000e+00   -1.5959455978986625e-16
   0.0000000000000000e+00    0.0000000000000000e+00    0.0000000000000000e+00
   7.7591879548524950e-02    1.5959455978986625e-16    0.0000000000000000e+00
   0.0000000000000000e+00    0.0000000000000000e+00    0.0000000000000000e+00
   0.0000000000000000e+00    0.0000000000000000e+00    0.0000000000000000e+00
   0.0000000000000000e+00    0.0000000000000000e+00    0.0000000000000000e+00
   0.0000000000000000e+00    0.0000000000000000e+00    0.0000000000000000e+00
   0.0000000000000000e+00    0.0000000000000000e+00    0.0000000000000000e+00
   0.0000000000000000e+00    0.0000000000000000e+00    0.0000000000000000e+00
   0.0000000000000000e+00    0.0000000000000000e+00    0.0000000000000000e+00
   0.0000000000000000e+00   -5.8399667908533778e-02   -6.1062266354383610e-16
   0.0000000000000000e+00    0.0000000000000000e+00    0.0000000000000000e+00
   5.8399667908533778e-02    0.0000000000000000e+00   -2.9580267988504202e-02
   0.0000000000000000e+00    0.0000000000000000e+00    0.0000000000000000e+00
   6.1062266354383610e-16    2.9580267988504202e-02    0.0000000000000000e+00
   0.0000000000000000e+00    0.0000000000000000e+00    0.0000000000000000e+00
   0.0000000000000000e+00    0.0000000000000000e+00    0.0000000000000000e+00
   0.0000000000000000e+00    0.0000000000000000e+00    0.0000000000000000e+00
   0.0000000000000000e+00    0.0000000000000000e+00    0.0000000000000000e+00
   0.0000000000000000e+00    0.0000000000000000e+00    0.0000000000000000e+00
   0.0000000000000000e+00    0.0000000000000000e+00    0.0000000000000000e+00
   0.0000000000000000e+00    0.0000000000000000e+00    0.0000000000000000e+00
   0.0000000000000000e+00    0.0000000000000000e+00    0.0000000000000000e+00
   5.6898930012039273e-16   -3.2666851389295523e-02   -2.7755575615628914e-17
   0.0000000000000000e+00    0.0000000000000000e+00    0.0000000000000000e+00
  -7.6632068397056413e-02    9.2981178312356860e-16   -8.0381834610470104e-02
   0.0000000000000000e+00    0.0000000000000000e+00    0.0000000000000000e+00
  -1.5959455978986625e-16   -6.1189622970479210e-02   -7.2164496600635175e-16
  -5.6898930012039273e-16    7.6632068397056413e-02    1.5959455978986625e-16
   0.0000000000000000e+00    0.0000000000000000e+00    0.0000000000000000e+00
   3.2666851389295523e-02   -9.2981178312356860e-16    6.1189622970479210e-02
   0.0000000000000000e+00    0.0000000000000000e+00    0.0000000000000000e+00
   2.7755575615628914e-17    8.0381834610470104e-02    7.2164496600635175e-16
   0.0000000000000000e+00    0.0000000000000000e+00    0.0000000000000000e+00
   0.0000000000000000e+00    0.0000000000000000e+00    0.0000000000000000e+00
  -3.2666851389295509e-02    2.0539125955565396e-15   -1.3878150251900406e-01
   0.0000000000000000e+00    0.0000000000000000e+00    0.0000000000000000e+00
   9.2287288921966137e-16   -1.1755797760567246e-01    1.0477729794899915e-15
   0.0000000000000000e+00    0.0000000000000000e+00    0.0000000000000000e+00
  -6.1189622970479113e-02    1.2073675392798577e-15   -1.2014451053486996e-01
   3.2666851389295509e-02   -9.2287288921966137e-16    6.1189622970479113e-02
   0.0000000000000000e+00    0.0000000000000000e+00    0.0000000000000000e+00
  -2.0539125955565396e-15    1.1755797760567246e-01   -1.2073675392798577e-15
   0.0000000000000000e+00    0.0000000000000000e+00    0.0000000000000000e+00
   1.3878150251900406e-01   -1.0477729794899915e-15    1.2014451053486996e-01
   0.0000000000000000e+00    0.0000000000000000e+00    0.0000000000000000e+00
   0.0000000000000000e+00    0.0000000000000000e+00    0.0000000000000000e+00
  -7.9797279894933126e-17   -1.3878150251900401e-01   -1.2490009027033011e-15
   0.0000000000000000e+00    0.0000000000000000e+00    0.0000000000000000e+00
  -8.0381834610470229e-02    1.1102230246251565e-15   -1.4972477852337399e-01
   0.0000000000000000e+00    0.0000000000000000e+00    0.0000000000000000e+00
  -6.3837823915946501e-16   -1.2014451053486978e-01   -1.9290125052862095e-15
   7.9797279894933126e-17    8.0381834610470229e-02    6.3837823915946501e-16
   0.0000000000000000e+00    0.0000000000000000e+00    0.0000000000000000e+00
   1.3878150251900401e-01   -1.1102230246251565e-15    1.2014451053486978e-01
   0.0000000000000000e+00    0.0000000000000000e+00    0.0000000000000000e+00
   1.2490009027033011e-15    1.4972477852337399e-01    1.9290125052862095e-15
   0.0000000000000000e+00    0.0000000000000000e+00    0.0000000000000000e+00
   0.0000000000000000e+00    0.0000000000000000e+00    0.0000000000000000e+00
  -5.6898930012039273e-16    7.6632068397056413e-02    1.5959455978986625e-16
   0.0000000000000000e+00    0.0000000000000000e+00    0.0000000000000000e+00
   3.2666851389295523e-02   -9.2981178312356860e-16    6.1189622970479210e-02
   0.0000000000000000e+00    0.0000000000000000e+00    0.0000000000000000e+00
   2.7755575615628914e-17    8.0381834610470104e-02    7.2164496600635175e-16
   5.6898930012039273e-16   -3.2666851389295523e-02   -2.7755575615628914e-17
   0.0000000000000000e+00    0.0000000000000000e+00    0.0000000000000000e+00
  -7.6632068397056413e-02    9.2981178312356860e-16   -8.0381834610470104e-02
   0.0000000000000000e+00    0.0000000000000000e+00    0.0000000000000000e+00
  -1.5959455978986625e-16   -6.1189622970479210e-02   -7.2164496600635175e-16
   0.0000000000000000e+00    0.0000000000000000e+00    0.0000000000000000e+00
   0.0000000000000000e+00    0.0000000000000000e+00    0.0000000000000000e+00
   3.2666851389295509e-02   -9.2287288921966137e-16    6.1189622970479113e-02
   0.0000000000000000e+00    0.0000000000000000e+00    0.0000000000000000e+00
  -2.0539125955565396e-15    1.1755797760567246e-01   -1.2073675392798577e-15
   0.0000000000000000e+00    0.0000000000000000e+00    0.0000000000000000e+00
   1.3878150251900406e-01   -1.0477729794899915e-15    1.2014451053486996e-01
  -3.2666851389295509e-02    2.0539125955565396e-15   -1.3878150251900406e-01
   0.0000000000000000e+00    0.0000000000000000e+00    0.0000000000000000e+00
   9.2287288921966137e-16   -1.1755797760567246e-01    1.0477729794899915e-15
   0.0000000000000000e+00    0.0000000000000000e+00    0.0000000000000000e+00
  -6.1189622970479113e-02    1.2073675392798577e-15   -1.2014451053486996e-01
   0.0000000000000000e+00    0.0000000000000000e+00    0.0000000000000000e+00
   0.0000000000000000e+00    0.0000000000000000e+00    0.0000000000000000e+00
   7.9797279894933126e-17    8.0381834610470229e-02    6.3837823915946501e-16
   0.0000000000000000e+00    0.0000000000000000e+00    0.0000000000000000e+00
   1.3878150251900401e-01   -1.1102230246251565e-15    1.2014451053486978e-01
   0.0000000000000000e+00    0.0000000000000000e+00    0.0000000000000000e+00
   1.2490009027033011e-15    1.4972477852337399e-01    1.9290125052862095e-15
  -7.9797279894933126e-17   -1.3878150251900401e-01   -1.2490009027033011e-15
   0.0000000000000000e+00    0.0000000000000000e+00    0.0000000000000000e+00
  -8.0381834610470229e-02    1.1102230246251565e-15   -1.4972477852337399e-01
   0.0000000000000000e+00    0.0000000000000000e+00    0.0000000000000000e+00
  -6.3837823915946501e-16   -1.2014451053486978e-01   -1.9290125052862095e-15
   0.0000000000000000e+00    0.0000000000000000e+00    0.0000000000000000e+00
   0.0000000000000000e+00    0.0000000000000000e+00    0.0000000000000000e+00
   0.0000000000000000e+00    0.0000000000000000e+00    0.0000000000000000e+00
   0.0000000000000000e+00    0.0000000000000000e+00    0.0000000000000000e+00
   0.0000000000000000e+00    0.0000000000000000e+00    0.0000000000000000e+00
   0.0000000000000000e+00    0.0000000000000000e+00    0.0000000000000000e+00
   0.0000000000000000e+00    0.0000000000000000e+00    0.0000000000000000e+00
   0.0000000000000000e+00    0.0000000000000000e+00    0.0000000000000000e+00
   0.0000000000000000e+00    4.3965217007760890e-02    1.3183898417423734e-16
   0.0000000000000000e+00    0.0000000000000000e+00    0.0000000000000000e+00
  -4.3965217007760890e-02    0.0000000000000000e+00   -1.9192211639990894e-02
   0.0000000000000000e+00    0.0000000000000000e+00    0.0000000000000000e+00
  -1.3183898417423734e-16    1.9192211639990894e-02    0.0000000000000000e+00
   0.0000000000000000e+00    0.0000000000000000e+00    0.0000000000000000e+00
   0.0000000000000000e+00    0.0000000000000000e+00    0.0000000000000000e+00
   0.0000000000000000e+00    0.0000000000000000e+00    0.0000000000000000e+00
   0.0000000000000000e+00    0.0000000000000000e+00    0.0000000000000000e+00
   0.0000000000000000e+00    0.0000000000000000e+00    0.0000000000000000e+00
   0.0000000000000000e+00    0.0000000000000000e+00    0.0000000000000000e+00
   0.0000000000000000e+00    0.0000000000000000e+00    0.0000000000000000e+00
   0.0000000000000000e+00    1.1310397063368782e-15   -7.7591879548524950e-02
   0.0000000000000000e+00    0.0000000000000000e+00    0.0000000000000000e+00
  -1.1310397063368782e-15    0.0000000000000000e+00   -1.5959455978986625e-16
   0.0000000000000000e+00    0.0000000000000000e+00    0.0000000000000000e+00
   7.7591879548524950e-02    1.5959455978986625e-16    0.0000000000000000e+00
   0.0000000000000000e+00    0.0000000000000000e+00    0.0000000000000000e+00
   0.0000000000000000e+00    0.0000000000000000e+00    0.0000000000000000e+00
   0.0000000000000000e+00    0.0000000000000000e+00    0.0000000000000000e+00
   0.0000000000000000e+00    0.0000000000000000e+00    0.0000000000000000e+00
   0.0000000000000000e+00    0.0000000000000000e+00    0.0000000000000000e+00
   0.0000000000000000e+00    0.0000000000000000e+00    0.0000000000000000e+00
   0.0000000000000000e+00    0.0000000000000000e+00    0.0000000000000000e+00
   0.0000000000000000e+00   -5.8399667908533778e-02   -6.1062266354383610e-16
   0.0000000000000000e+00    0.0000000000000000e+00    0.0000000000000000e+00
   5.8399667908533778e-02    0.0000000000000000e+00   -2.9580267988504202e-02
   0.0000000000000000e+00    0.0000000000000000e+00    0.0000000000000000e+00
   6.1062266354383610e-16    2.9580267988504202e-02    0.0000000000000000e+00

VVVV
4 6 6 6 6
   0.0000000000000000e+00    0.0000000000000000e+00    0.0000000000000000e+00
   0.0000000000000000e+00    0.0000000000000000e+00    0.0000000000000000e+00
   0.0000000000000000e+00    0.0000000000000000e+00    0.0000000000000000e+00
   0.0000000000000000e+00    0.0000000000000000e+00    0.0000000000000000e+00
   0.0000000000000000e+00    0.0000000000000000e+00    0.0000000000000000e+00
   0.0000000000000000e+00    0.0000000000000000e+00    0.0000000000000000e+00
   0.0000000000000000e+00    0.0000000000000000e+00    0.0000000000000000e+00
   0.0000000000000000e+00    0.0000000000000000e+00    0.0000000000000000e+00
   0.0000000000000000e+00    0.0000000000000000e+00    0.0000000000000000e+00
   0.0000000000000000e+00    0.0000000000000000e+00    0.0000000000000000e+00
   0.0000000000000000e+00    0.0000000000000000e+00    0.0000000000000000e+00
   0.0000000000000000e+00    0.0000000000000000e+00    0.0000000000000000e+00
   0.0000000000000000e+00    3.6939105559320273e-01    1.5612511283791264e-17
   0.0000000000000000e+00    0.0000000000000000e+00    0.0000000000000000e+00
  -3.6939105559320273e-01    0.0000000000000000e+00   -6.3424559084143295e-02
   0.0000000000000000e+00    0.0000000000000000e+00    0.0000000000000000e+00
  -1.5612511283791264e-17    6.3424559084143295e-02    0.0000000000000000e+00
   0.0000000000000000e+00    0.0000000000000000e+00    0.0000000000000000e+00
   0.0000000000000000e+00    0.0000000000000000e+00    0.0000000000000000e+00
   0.0000000000000000e+00    0.0000000000000000e+00    0.0000000000000000e+00
   0.0000000000000000e+00    0.0000000000000000e+00    0.0000000000000000e+00
   0.0000000000000000e+00    0.0000000000000000e+00    0.0000000000000000e+00
   0.0000000000000000e+00    0.0000000000000000e+00    0.0000000000000000e+00
   0.0000000000000000e+00    0.0000000000000000e+00    0.0000000000000000e+00
   0.0000000000000000e+00    1.5612511283791264e-17    3.5917629005943696e-01
   0.0000000000000000e+00    0.0000000000000000e+00    0.0000000000000000e+00
  -1.5612511283791264e-17    0.0000000000000000e+00   -4.8919202022545960e-16
   0.0000000000000000e+00    0.0000000000000000e+00    0.0000000000000000e+00
  -3.5917629005943696e-01    4.8919202022545960e-16    0.0000000000000000e+00
   0.0000000000000000e+00    0.0000000000000000e+00    0.0000000000000000e+00
   0.0000000000000000e+00    0.0000000000000000e+00    0.0000000000000000e+00
   0.0000000000000000e+00    0.0000000000000000e+00    0.0000000000000000e+00
   0.0000000000000000e+00    0.0000000000000000e+00    0.0000000000000000e+00
   0.0000000000000000e+00    0.0000000000000000e+00    0.0000000000000000e+00
   0.0000000000000000e+00    0.0000000000000000e+00    0.0000000000000000e+00
   0.0000000000000000e+00    0.0000000000000000e+00    0.0000000000000000e+00
   0.0000000000000000e+00    0.0000000000000000e+00    0.0000000000000000e+00
   4.0963888280386312e-01   -7.6241096769180672e-16    8.1422091831377053e-02
   0.0000000000000000e+00    0.0000000000000000e+00    0.0000000000000000e+00
  -7.6241096769180672e-16    4.6967859508600017e-02   -2.1944251971106610e-16
   0.0000000000000000e+00    0.0000000000000000e+00    0.0000000000000000e+00
   8.1422091831377053e-02   -2.1944251971106610e-16    8.6372033730051728e-02
  -4.0963888280386312e-01    7.6241096769180672e-16   -8.1422091831377053e-02
   0.0000000000000000e+00    0.0000000000000000e+00    0.0000000000000000e+00
   7.6241096769180672e-16   -4.6967859508600017e-02    2.1944251971106610e-16
   0.0000000000000000e+00    0.0000000000000000e+00    0.0000000000000000e+00
  -8.1422091831377053e-02    2.1944251971106610e-16   -8.6372033730051728e-02
   0.0000000000000000e+00    0.0000000000000000e+00    0.0000000000000000e+00
   0.0000000000000000e+00    0.0000000000000000e+00    0.0000000000000000e+00
  -7.6241096769180672e-16    4.1635891510180278e-01   -2.1510571102112408e-16
   0.0000000000000000e+00    0.0000000000000000e+00    0.0000000000000000e+00
   4.6967859508600017e-02   -1.8171228410857054e-15    6.4249637016833727e-02
   0.0000000000000000e+00    0.0000000000000000e+00    0.0000000000000000e+00
  -2.3071822230491534e-16    1.2767419610097702e-01    8.3266726846886741e-17
   7.6241096769180672e-16   -4.6967859508600017e-02    2.3071822230491534e-16
   0.0000000000000000e+00    0.0000000000000000e+00    0.0000000000000000e+00
  -4.1635891510180278e-01    1.8171228410857054e-15   -1.2767419610097702e-01
   0.0000000000000000e+00    0.0000000000000000e+00    0.0000000000000000e+00
   2.1510571102112408e-16   -6.4249637016833727e-02   -8.3266726846886741e-17
   0.0000000000000000e+00    0.0000000000000000e+00    0.0000000000000000e+00
   0.0000000000000000e+00    0.0000000000000000e+00    0.0000000000000000e+00
   8.1422091831377053e-02   -2.1510571102112408e-16    4.4554832378948867e-01
   0.0000000000000000e+00    0.0000000000000000e+00    0.0000000000000000e+00
  -2.3071822230491534e-16    6.4249637016833713e-02   -4.0592529337857286e-16
   0.0000000000000000e+00    0.0000000000000000e+00    0.0000000000000000e+00
   8.6372033730051742e-02    8.3266726846886741e-17    1.5246129060468355e-01
  -8.1422091831377053e-02    2.3071822230491534e-16   -8.6372033730051742e-02
   0.0000000000000000e+00    0.0000000000000000e+00    0.0000000000000000e+00
   2.1510571102112408e-16   -6.4249637016833713e-02   -8.3266726846886741e-17
   0.0000000000000000e+00    0.0000000000000000e+00    0.0000000000000000e+00
  -4.4554832378948867e-01    4.0592529337857286e-16   -1.5246129060468355e-01
   0.0000000000000000e+00    0.0000000000000000e+00    0.0000000000000000e+00
   0.0000000000000000e+00   -3.6939105559320273e-01   -1.5612511283791264e-17
   0.0000000000000000e+00    0.0000000000000000e+00    0.0000000000000000e+00
   3.6939105559320273e-01    0.0000000000000000e+00    6.3424559084143295e-02
   0.0000000000000000e+00    0.0000000000000000e+00    0.0000000000000000e+00
   1.5612511283791264e-17   -6.3424559084143295e-02    0.0000000000000000e+00
   0.0000000000000000e+00    0.0000000000000000e+00    0.0000000000000000e+00
   0.0000000000000000e+00    0.0000000000000000e+00    0.0000000000000000e+00
   0.0000000000000000e+00    0.0000000000000000e+00    0.0000000000000000e+00
   0.0000000000000000e+00    0.0000000000000000e+00    0.0000000000000000e+00
   0.0000000000000000e+00    0.0000000000000000e+00    0.0000000000000000e+00
   0.0000000000000000e+00    0.0000000000000000e+00    0.0000000000000000e+00
   0.0000000000000000e+00    0.0000000000000000e+00    0.0000000000000000e+00
   0.0000000000000000e+00    0.0000000000000000e+00    0.0000000000000000e+00
   0.0000000000000000e+00    0.0000000000000000e+00    0.0000000000000000e+00
   0.0000000000000000e+00    0.0000000000000000e+00    0.0000000000000000e+00
   0.0000000000000000e+00    0.0000000000000000e+00    0.0000000000000000e+00
   0.0000000000000000e+00    0.0000000000000000e+00    0.0000000000000000e+00
   0.0000000000000000e+00    0.0000000000000000e+00    0.0000000000000000e+00
   0.0000000000000000e+00    0.0000000000000000e+00    0.0000000000000000e+00
   0.0000000000000000e+00    0.0000000000000000e+00    0.0000000000000000e+00
   0.0000000000000000e+00    0.0000000000000000e+00    0.0000000000000000e+00
   0.0000000000000000e+00    0.0000000000000000e+00    0.0000000000000000e+00
   0.0000000000000000e+00    0.0000000000000000e+00    0.0000000000000000e+00
   0.0000000000000000e+00    0.0000000000000000e+00    0.0000000000000000e+00
   0.0000000000000000e+00   -6.3424559084143309e-02   -4.8919202022545960e-16
   0.0000000000000000e+00    0.0000000000000000e+00    0.0000000000000000e+00
   6.3424559084143295e-02    0.0000000000000000e+00    3.2127165931242996e-01
   0.0000000000000000e+00    0.0000000000000000e+00    0.0000000000000000e+00
   4.8919202022545960e-16   -3.2127165931242996e-01    0.0000000000000000e+00
   0.0000000000000000e+00    0.0000000000000000e+00    0.0000000000000000e+00
   0.0000000000000000e+00    0.0000000000000000e+00    0.0000000000000000e+00
   0.0000000000000000e+00    0.0000000000000000e+00    0.0000000000000000e+00
   0.0000000000000000e+00    0.0000000000000000e+00    0.0000000000000000e+00
   0.0000000000000000e+00    0.0000000000000000e+00    0.0000000000000000e+00
   0.0000000000000000e+00    0.0000000000000000e+00    0.0000000000000000e+00
   0.0000000000000000e+00    0.0000000000000000e+00    0.0000000000000000e+00
   0.0000000000000000e+00    0.0000000000000000e+00    0.0000000000000000e+00
  -7.6241096769180672e-16    4.6967859508600024e-02   -2.3071822230491534e-16
   0.0000000000000000e+00    0.0000000000000000e+00    0.0000000000000000e+00
   4.1635891510180278e-01   -1.8171228410857054e-15    1.2767419610097702e-01
   0.0000000000000000e+00    0.0000000000000000e+00    0.0000000000000000e+00
  -2.1510571102112408e-16    6.4249637016833727e-02    8.3266726846886741e-17
   7.6241096769180672e-16   -4.1635891510180278e-01    2.1510571102112408e-16
   0.0000000000000000e+00    0.0000000000000000e+00    0.0000000000000000e+00
  -4.6967859508600024e-02    1.8171228410857054e-15   -6.4249637016833727e-02
   0.0000000000000000e+00    0.0000000000000000e+00    0.0000000000000000e+00
   2.3071822230491534e-16   -1.2767419610097702e-01   -8.3266726846886741e-17
   0.0000000000000000e+00    0.0000000000000000e+00    0.0000000000000000e+00
   0.0000000000000000e+00    0.0000000000000000e+00    0.0000000000000000e+00
   4.6967859508600024e-02   -1.8171228410857054e-15    6.4249637016833713e-02
   0.0000000000000000e+00    0.0000000000000000e+00    0.0000000000000000e+00
  -1.8171228410857054e-15    4.8240823778208974e-01   -2.5118795932144167e-15
   0.0000000000000000e+00    0.0000000000000000e+00    0.0000000000000000e+00
   6.4249637016833713e-02   -2.5118795932144167e-15    1.9560061573105902e-01
  -4.6967859508600024e-02    1.8171228410857054e-15   -6.4249637016833713e-02
   0.0000000000000000e+00    0.0000000000000000e+00    0.0000000000000000e+00
   1.8171228410857054e-15   -4.8240823778208974e-01    2.5118795932144167e-15
   0.0000000000000000e+00    0.0000000000000000e+00    0.0000000000000000e+00
  -6.4249637016833713e-02    2.5118795932144167e-15   -1.9560061573105902e-01
   0.0000000000000000e+00    0.0000000000000000e+00    0.0000000000000000e+00
   0.0000000000000000e+00    0.0000000000000000e+00    0.0000000000000000e+00
  -2.1944251971106610e-16    6.4249637016833713e-02   -4.0592529337857286e-16
   0.0000000000000000e+00    0.0000000000000000e+00    0.0000000000000000e+00
   1.2767419610097702e-01   -2.5118795932144167e-15    5.1687227504348909e-01
   0.0000000000000000e+00    0.0000000000000000e+00    0.0000000000000000e+00
   8.3266726846886741e-17    1.9560061573105902e-01    2.1822821327788233e-15
   2.1944251971106610e-16   -1.2767419610097702e-01   -8.3266726846886741e-17
   0.0000000000000000e+00    0.0000000000000000e+00    0.0000000000000000e+00
  -6.4249637016833713e-02    2.5118795932144167e-15   -1.9560061573105902e-01
   0.0000000000000000e+00    0.0000000000000000e+00    0.0000000000000000e+00
   4.0592529337857286e-16   -5.1687227504348909e-01   -2.1822821327788233e-15
   0.0000000000000000e+00    0.0000000000000000e+00    0.0000000000000000e+00
   0.0000000000000000e+00   -1.5612511283791264e-17   -3.5917629005943702e-01
   0.0000000000000000e+00    0.0000000000000000e+00    0.0000000000000000e+00
   1.5612511283791264e-17    0.0000000000000000e+00    4.8919202022545960e-16
   0.0000000000000000e+00    0.0000000000000000e+00    0.0000000000000000e+00
   3.5917629005943702e-01   -4.8919202022545960e-16    0.0000000000000000e+00
   0.0000000000000000e+00    0.0000000000000000e+00    0.0000000000000000e+00
   0.0000000000000000e+00    0.0000000000000000e+00    0.0000000000000000e+00
   0.0000000000000000e+00    0.0000000000000000e+00    0.0000000000000000e+00
   0.0000000000000000e+00    0.0000000000000000e+00    0.0000000000000000e+00
   0.0000000000000000e+00    0.0000000000000000e+00    0.0000000000000000e+00
   0.0000000000000000e+00    0.0000000000000000e+00    0.0000000000000000e+00
   0.0000000000000000e+00    0.0000000000000000e+00    0.0000000000000000e+00
   0.0000000000000000e+00    6.3424559084143309e-02    4.8919202022545960e-16
   0.0000000000000000e+00    0.0000000000000000e+00    0.0000000000000000e+00
  -6.3424559084143295e-02    0.0000000000000000e+00   -3.2127165931243007e-01
   0.0000000000000000e+00    0.0000000000000000e+00    0.0000000000000000e+00
  -4.8919202022545960e-16    3.2127165931243001e-01    0.0000000000000000e+00
   0.0000000000000000e+00    0.0000000000000000e+00    0.0000000000000000e+00
   0.0000000000000000e+00    0.0000000000000000e+00    0.0000000000000000e+00
   0.0000000000000000e+00    0.0000000000000000e+00    0.0000000000000000e+00
   0.0000000000000000e+00    0.0000000000000000e+00    0.0000000000000000e+00
   0.0000000000000000e+00    0.0000000000000000e+00    0.0000000000000000e+00
   0.0000000000000000e+00    0.0000000000000000e+00    0.0000000000000000e+00
   0.0000000000000000e+00    0.0000000000000000e+00    0.0000000000000000e+00
   0.0000000000000000e+00    0.0000000000000000e+00    0.0000000000000000e+00
   0.0000000000000000e+00    0.0000000000000000e+00    0.0000000000000000e+00
   0.0000000000000000e+00    0.0000000000000000e+00    0.0000000000000000e+00
   0.0000000000000000e+00    0.0000000000000000e+00    0.0000000000000000e+00
   0.0000000000000000e+00    0.0000000000000000e+00    0.0000000000000000e+00
   0.0000000000000000e+00    0.0000000000000000e+00    0.0000000000000000e+00
   0.0000000000000000e+00    0.0000000000000000e+00    0.0000000000000000e+00
   0.0000000000000000e+00    0.0000000000000000e+00    0.0000000000000000e+00
   0.0000000000000000e+00    0.0000000000000000e+00    0.0000000000000000e+00
   0.0000000000000000e+00    0.0000000000000000e+00    0.0000000000000000e+00
   0.0000000000000000e+00    0.0000000000000000e+00    0.0000000000000000e+00
   0.0000000000000000e+00    0.0000000000000000e+00    0.0000000000000000e+00
   0.0000000000000000e+00    0.0000000000000000e+00    0.0000000000000000e+00
   8.1422091831377053e-02   -2.3071822230491534e-16    8.6372033730051742e-02
   0.0000000000000000e+00    0.0000000000000000e+00    0.0000000000000000e+00
  -2.1510571102112408e-16    6.4249637016833713e-02    8.3266726846886741e-17
   0.0000000000000000e+00    0.0000000000000000e+00    0.0000000000000000e+00
   4.4554832378948872e-01   -4.0592529337857286e-16    1.5246129060468352e-01
  -8.1422091831377053e-02    2.1510571102112408e-16   -4.4554832378948872e-01
   0.0000000000000000e+00    0.0000000000000000e+00    0.0000000000000000e+00
   2.3071822230491534e-16   -6.4249637016833713e-02    4.0592529337857286e-16
   0.0000000000000000e+00    0.0000000000000000e+00    0.0000000000000000e+00
  -8.6372033730051742e-02   -8.3266726846886741e-17   -1.5246129060468352e-01
   0.0000000000000000e+00    0.0000000000000000e+00    0.0000000000000000e+00
   0.0000000000000000e+00    0.0000000000000000e+00    0.0000000000000000e+00
  -2.1944251971106610e-16    1.2767419610097702e-01    8.3266726846886741e-17
   0.0000000000000000e+00    0.0000000000000000e+00    0.0000000000000000e+00
   6.4249637016833727e-02   -2.5118795932144167e-15    1.9560061573105902e-01
   0.0000000000000000e+00    0.0000000000000000e+00    0.0000000000000000e+00
  -4.0592529337857286e-16    5.1687227504348909e-01    2.1822821327788233e-15
   2.1944251971106610e-16   -6.4249637016833727e-02    4.0592529337857286e-16
   0.0000000000000000e+00    0.0000000000000000e+00    0.0000000000000000e+00
  -1.2767419610097702e-01    2.5118795932144167e-15   -5.1687227504348909e-01
   0.0000000000000000e+00    0.0000000000000000e+00    0.0000000000000000e+00
  -8.3266726846886741e-17   -1.9560061573105902e-01   -2.1822821327788233e-15
   0.0000000000000000e+00    0.0000000000000000e+00    0.0000000000000000e+00
   0.0000000000000000e+00    0.0000000000000000e+00    0.0000000000000000e+00
   8.6372033730051742e-02    8.3266726846886741e-17    1.5246129060468352e-01
   0.0000000000000000e+00    0.0000000000000000e+00    0.0000000000000000e+00
   8.3266726846886741e-17    1.9560061573105902e-01    2.1822821327788233e-15
   0.0000000000000000e+00    0.0000000000000000e+00    0.0000000000000000e+00
   1.5246129060468352e-01    2.1822821327788233e-15    5.7012506090970683e-01
  -8.6372033730051742e-02   -8.3266726846886741e-17   -1.5246129060468352e-01
   0.0000000000000000e+00    0.0000000000000000e+00    0.0000000000000000e+00
  -8.3266726846886741e-17   -1.9560061573105902e-01   -2.1822821327788233e-15
   0.0000000000000000e+00    0.0000000000000000e+00    0.0000000000000000e+00
  -1.5246129060468352e-01   -2.1822821327788233e-15   -5.7012506090970683e-01
   0.0000000000000000e+00    0.0000000000000000e+00    0.0000000000000000e+00
   0.0000000000000000e+00    0.0000000000000000e+00    0.0000000000000000e+00
  -4.0963888280386312e-01    7.6241096769180672e-16   -8.1422091831377053e-02
   0.0000000000000000e+00    0.0000000000000000e+00    0.0000000000000000e+00
   7.6241096769180672e-16   -4.6967859508600017e-02    2.1944251971106610e-16
   0.0000000000000000e+00    0.0000000000000000e+00    0.0000000000000000e+00
  -8.1422091831377053e-02    2.1944251971106610e-16   -8.6372033730051728e-02
   4.0963888280386312e-01   -7.6241096769180672e-16    8.1422091831377053e-02
   0.0000000000000000e+00    0.0000000000000000e+00    0.0000000000000000e+00
  -7.6241096769180672e-16    4.6967859508600017e-02   -2.1944251971106610e-16
   0.0000000000000000e+00    0.0000000000000000e+00    0.0000000000000000e+00
   8.1422091831377053e-02   -2.1944251971106610e-16    8.6372033730051728e-02
   0.0000000000000000e+00    0.0000000000000000e+00    0.0000000000000000e+00
   0.0000000000000000e+00    0.0000000000000000e+00    0.0000000000000000e+00
   7.6241096769180672e-16   -4.6967859508600024e-02    2.3071822230491534e-16
   0.0000000000000000e+00    0.0000000000000000e+00    0.0000000000000000e+00
  -4.1635891510180278e-01    1.8171228410857054e-15   -1.2767419610097702e-01
   0.0000000000000000e+00    0.0000000000000000e+00    0.0000000000000000e+00
   2.1510571102112408e-16   -6.4249637016833727e-02   -8.3266726846886741e-17
  -7.6241096769180672e-16    4.1635891510180278e-01   -2.1510571102112408e-16
   0.0000000000000000e+00    0.0000000000000000e+00    0.0000000000000000e+00
   4.6967859508600024e-02   -1.8171228410857054e-15    6.4249637016833727e-02
   0.0000000000000000e+00    0.0000000000000000e+00    0.0000000000000000e+00
  -2.3071822230491534e-16    1.2767419610097702e-01    8.3266726846886741e-17
   0.0000000000000000e+00    0.0000000000000000e+00    0.0000000000000000e+00
   0.0000000000000000e+00    0.0000000000000000e+00    0.0000000000000000e+00
  -8.1422091831377053e-02    2.3071822230491534e-16   -8.6372033730051742e-02
   0.0000000000000000e+00    0.0000000000000000e+00    0.0000000000000000e+00
   2.1510571102112408e-16   -6.4249637016833713e-02   -8.3266726846886741e-17
   0.0000000000000000e+00    0.0000000000000000e+00    0.0000000000000000e+00
  -4.4554832378948872e-01    4.0592529337857286e-16   -1.5246129060468352e-01
   8.1422091831377053e-02   -2.1510571102112408e-16    4.4554832378948872e-01
   0.0000000000000000e+00    0.0000000000000000e+00    0.0000000000000000e+00
  -2.3071822230491534e-16    6.4249637016833713e-02   -4.0592529337857286e-16
   0.0000000000000000e+00    0.0000000000000000e+00    0.0000000000000000e+00
   8.6372033730051742e-02    8.3266726846886741e-17    1.5246129060468352e-01
   0.0000000000000000e+00    0.0000000000000000e+00    0.0000000000000000e+00
   0.0000000000000000e+00    0.0000000000000000e+00    0.0000000000000000e+00
   0.0000000000000000e+00    0.0000000000000000e+00    0.0000000000000000e+00
   0.0000000000000000e+00    0.0000000000000000e+00    0.0000000000000000e+00
   0.0000000000000000e+00    0.0000000000000000e+00    0.0000000000000000e+00
   0.0000000000000000e+00    0.0000000000000000e+00    0.0000000000000000e+00
   0.0000000000000000e+00    0.0000000000000000e+00    0.0000000000000000e+00
   0.0000000000000000e+00    0.0000000000000000e+00    0.0000000000000000e+00
   0.0000000000000000e+00    0.0000000000000000e+00    0.0000000000000000e+00
   0.0000000000000000e+00    0.0000000000000000e+00    0.0000000000000000e+00
   0.0000000000000000e+00    0.0000000000000000e+00    0.0000000000000000e+00
   0.0000000000000000e+00    0.0000000000000000e+00    0.0000000000000000e+00
   0.0000000000000000e+00    0.0000000000000000e+00    0.0000000000000000e+00
   0.0000000000000000e+00    0.0000000000000000e+00    0.0000000000000000e+00
   0.0000000000000000e+00    0.0000000000000000e+00    0.0000000000000000e+00
   0.0000000000000000e+00    0.0000000000000000e+00    0.0000000000000000e+00
   0.0000000000000000e+00    0.0000000000000000e+00    0.0000000000000000e+00
   0.0000000000000000e+00    0.0000000000000000e+00    0.0000000000000000e+00
   0.0000000000000000e+00    0.0000000000000000e+00    0.0000000000000000e+00
   0.0000000000000000e+00    0.0000000000000000e+00    0.0000000000000000e+00
   0.0000000000000000e+00    3.6939105559320273e-01    1.5612511283791264e-17
   0.0000000000000000e+00    0.0000000000000000e+00    0.0000000000000000e+00
  -3.6939105559320273e-01    0.0000000000000000e+00   -6.3424559084143295e-02
   0.0000000000000000e+00    0.0000000000000000e+00    0.0000000000000000e+00
  -1.5612511283791264e-17    6.3424559084143295e-02    0.0000000000000000e+00
   0.0000000000000000e+00    0.0000000000000000e+00    0.0000000000000000e+00
   0.0000000000000000e+00    0.0000000000000000e+00    0.0000000000000000e+00
   0.0000000000000000e+00    0.0000000000000000e+00    0.0000000000000000e+00
   0.0000000000000000e+00    0.0000000000000000e+00    0.0000000000000000e+00
   0.0000000000000000e+00    0.0000000000000000e+00    0.0000000000000000e+00
   0.0000000000000000e+00    0.0000000000000000e+00    0.0000000000000000e+00
   0.0000000000000000e+00    0.0000000000000000e+00    0.0000000000000000e+00
   0.0000000000000000e+00    1.5612511283791264e-17    3.5917629005943696e-01
   0.0000000000000000e+00    0.0000000000000000e+00    0.0000000000000000e+00
  -1.5612511283791264e-17    0.0000000000000000e+00   -4.8919202022545960e-16
   0.0000000000000000e+00    0.0000000000000000e+00    0.0000000000000000e+00
  -3.5917629005943696e-01    4.8919202022545960e-16    0.0000000000000000e+00
   0.0000000000000000e+00    0.0000000000000000e+00    0.0000000000000000e+00
   7.6241096769180672e-16   -4.1635891510180278e-01    2.1510571102112408e-16
   0.0000000000000000e+00    0.0000000000000000e+00    0.0000000000000000e+00
  -4.6967859508600017e-02    1.8171228410857054e-15   -6.4249637016833727e-02
   0.0000000000000000e+00    0.0000000000000000e+00    0.0000000000000000e+00
   2.3071822230491534e-16   -1.2767419610097702e-01   -8.3266726846886741e-17
  -7.6241096769180672e-16    4.6967859508600017e-02   -2.3071822230491534e-16
   0.0000000000000000e+00    0.0000000000000000e+00    0.0000000000000000e+00
   4.1635891510180278e-01   -1.8171228410857054e-15    1.2767419610097702e-01
   0.0000000000000000e+00    0.0000000000000000e+00    0.0000000000000000e+00
  -2.1510571102112408e-16    6.4249637016833727e-02    8.3266726846886741e-17
   0.0000000000000000e+00    0.0000000000000000e+00    0.0000000000000000e+00
   0.0000000000000000e+00    0.0000000000000000e+00    0.0000000000000000e+00
  -4.6967859508600024e-02    1.8171228410857054e-15   -6.4249637016833713e-02
   0.0000000000000000e+00    0.0000000000000000e+00    0.0000000000000000e+00
   1.8171228410857054e-15   -4.8240823778208974e-01    2.5118795932144167e-15
   0.0000000000000000e+00    0.0000000000000000e+00    0.0000000000000000e+00
  -6.4249637016833713e-02    2.5118795932144167e-15   -1.9560061573105902e-01
   4.6967859508600024e-02   -1.8171228410857054e-15    6.4249637016833713e-02
   0.0000000000000000e+00    0.0000000000000000e+00    0.0000000000000000e+00
  -1.8171228410857054e-15    4.8240823778208974e-01   -2.5118795932144167e-15
   0.0000000000000000e+00    0.0000000000000000e+00    0.0000000000000000e+00
   6.4249637016833713e-02   -2.5118795932144167e-15    1.9560061573105902e-01
   0.0000000000000000e+00    0.0000000000000000e+00    0.0000000000000000e+00
   0.0000000000000000e+00    0.0000000000000000e+00    0.0000000000000000e+00
   2.1944251971106610e-16   -1.2767419610097702e-01   -8.3266726846886741e-17
   0.0000000000000000e+00    0.0000000000000000e+00    0.0000000000000000e+00
  -6.4249637016833727e-02    2.5118795932144167e-15   -1.9560061573105902e-01
   0.0000000000000000e+00    0.0000000000000000e+00    0.0000000000000000e+00
   4.0592529337857286e-16   -5.1687227504348909e-01   -2.1822821327788233e-15
  -2.1944251971106610e-16    6.4249637016833727e-02   -4.0592529337857286e-16
   0.0000000000000000e+00    0.0000000000000000e+00    0.0000000000000000e+00
   1.2767419610097702e-01   -2.5118795932144167e-15    5.1687227504348909e-01
   0.0000000000000000e+00    0.0000000000000000e+00    0.0000000000000000e+00
   8.3266726846886741e-17    1.9560061573105902e-01    2.1822821327788233e-15
   0.0000000000000000e+00    0.0000000000000000e+00    0.0000000000000000e+00
   0.0000000000000000e+00    0.0000000000000000e+00    0.0000000000000000e+00
   0.0000000000000000e+00    0.0000000000000000e+00    0.0000000000000000e+00
   0.0000000000000000e+00    0.0000000000000000e+00    0.0000000000000000e+00
   0.0000000000000000e+00    0.0000000000000000e+00    0.0000000000000000e+00
   0.0000000000000000e+00    0.0000000000000000e+00    0.0000000000000000e+00
   0.0000000000000000e+00    0.0000000000000000e+00    0.0000000000000000e+00
   0.0000000000000000e+00    0.0000000000000000e+00    0.0000000000000000e+00
   0.0000000000000000e+00   -3.6939105559320273e-01   -1.5612511283791264e-17
   0.0000000000000000e+00    0.0000000000000000e+00    0.0000000000000000e+00
   3.6939105559320273e-01    0.0000000000000000e+00    6.3424559084143295e-02
   0.0000000000000000e+00    0.0000000000000000e+00    0.0000000000000000e+00
   1.5612511283791264e-17   -6.3424559084143295e-02    0.0000000000000000e+00
   0.0000000000000000e+00    0.0000000000000000e+00    0.0000000000000000e+00
   0.0000000000000000e+00    0.0000000000000000e+00    0.0000000000000000e+00
   0.0000000000000000e+00    0.0000000000000000e+00    0.0000000000000000e+00
   0.0000000000000000e+00    0.0000000000000000e+00    0.0000000000000000e+00
   0.0000000000000000e+00    0.0000000000000000e+00    0.0000000000000000e+00
   0.0000000000000000e+00    0.0000000000000000e+00    0.0000000000000000e+00
   0.0000000000000000e+00    0.0000000000000000e+00    0.0000000000000000e+00
   0.0000000000000000e+00    0.0000000000000000e+00    0.0000000000000000e+00
   0.0000000000000000e+00    0.0000000000000000e+00    0.0000000000000000e+00
   0.0000000000000000e+00    0.0000000000000000e+00    0.0000000000000000e+00
   0.0000000000000000e+00    0.0000000000000000e+00    0.0000000000000000e+00
   0.0000000000000000e+00    0.0000000000000000e+00    0.0000000000000000e+00
   0.0000000000000000e+00    0.0000000000000000e+00    0.0000000000000000e+00
   0.0000000000000000e+00    0.0000000000000000e+00    0.0000000000000000e+00
   0.0000000000000000e+00    0.0000000000000000e+00    0.0000000000000000e+00
   0.0000000000000000e+00    0.0000000000000000e+00    0.0000000000000000e+00
   0.0000000000000000e+00    0.0000000000000000e+00    0.0000000000000000e+00
   0.0000000000000000e+00    0.0000000000000000e+00    0.0000000000000000e+00
   0.0000000000000000e+00    0.0000000000000000e+00    0.0000000000000000e+00
   0.0000000000000000e+00   -6.3424559084143309e-02   -4.8919202022545960e-16
   0.0000000000000000e+00    0.0000000000000000e+00    0.0000000000000000e+00
   6.3424559084143295e-02    0.0000000000000000e+00    3.2127165931242996e-01
   0.0000000000000000e+00    0.0000000000000000e+00    0.0000000000000000e+00
   4.8919202022545960e-16   -3.2127165931242996e-01    0.0000000000000000e+00
   0.0000000000000000e+00    0.0000000000000000e+00    0.0000000000000000e+00
  -8.1422091831377053e-02    2.1510571102112408e-16   -4.4554832378948867e-01
   0.0000000000000000e+00    0.0000000000000000e+00    0.0000000000000000e+00
   2.3071822230491534e-16   -6.4249637016833713e-02    4.0592529337857286e-16
   0.0000000000000000e+00    0.0000000000000000e+00    0.0000000000000000e+00
  -8.6372033730051742e-02   -8.3266726846886741e-17   -1.5246129060468355e-01
   8.1422091831377053e-02   -2.3071822230491534e-16    8.6372033730051742e-02
   0.0000000000000000e+00    0.0000000000000000e+00    0.0000000000000000e+00
  -2.1510571102112408e-16    6.4249637016833713e-02    8.3266726846886741e-17
   0.0000000000000000e+00    0.0000000000000000e+00    0.0000000000000000e+00
   4.4554832378948867e-01   -4.0592529337857286e-16    1.5246129060468355e-01
   0.0000000000000000e+00    0.0000000000000000e+00    0.0000000000000000e+00
   0.0000000000000000e+00    0.0000000000000000e+00    0.0000000000000000e+00
   2.1944251971106610e-16   -6.4249637016833713e-02    4.0592529337857286e-16
   0.0000000000000000e+00    0.0000000000000000e+00    0.0000000000000000e+00
  -1.2767419610097702e-01    2.5118795932144167e-15   -5.1687227504348909e-01
   0.0000000000000000e+00    0.0000000000000000e+00    0.0000000000000000e+00
  -8.3266726846886741e-17   -1.9560061573105902e-01   -2.1822821327788233e-15
  -2.1944251971106610e-16    1.2767419610097702e-01    8.3266726846886741e-17
   0.0000000000000000e+00    0.0000000000000000e+00    0.0000000000000000e+00
   6.4249637016833713e-02   -2.5118795932144167e-15    1.9560061573105902e-01
   0.0000000000000000e+00    0.0000000000000000e+00    0.0000000000000000e+00
  -4.0592529337857286e-16    5.1687227504348909e-01    2.1822821327788233e-15
   0.0000000000000000e+00    0.0000000000000000e+00    0.0000000000000000e+00
   0.0000000000000000e+00    0.0000000000000000e+00    0.0000000000000000e+00
  -8.6372033730051742e-02   -8.3266726846886741e-17   -1.5246129060468352e-01
   0.0000000000000000e+00    0.0000000000000000e+00    0.0000000000000000e+00
  -8.3266726846886741e-17   -1.9560061573105902e-01   -2.1822821327788233e-15
   0.0000000000000000e+00    0.0000000000000000e+00    0.0000000000000000e+00
  -1.5246129060468352e-01   -2.1822821327788233e-15   -5.7012506090970683e-01
   8.6372033730051742e-02    8.3266726846886741e-17    1.5246129060468352e-01
   0.0000000000000000e+00    0.0000000000000000e+00    0.0000000000000000e+00
   8.3266726846886741e-17    1.9560061573105902e-01    2.1822821327788233e-15
   0.0000000000000000e+00    0.0000000000000000e+00    0.0000000000000000e+00
   1.5246129060468352e-01    2.1822821327788233e-15    5.7012506090970683e-01
   0.0000000000000000e+00    0.0000000000000000e+00    0.0000000000000000e+00
   0.0000000000000000e+00    0.0000000000000000e+00    0.0000000000000000e+00
   0.0000000000000000e+00    0.0000000000000000e+00    0.0000000000000000e+00
   0.0000000000000000e+00    0.0000000000000000e+00    0.0000000000000000e+00
   0.0000000000000000e+00    0.0000000000000000e+00    0.0000000000000000e+00
   0.0000000000000000e+00    0.0000000000000000e+00    0.0000000000000000e+00
   0.0000000000000000e+00    0.0000000000000000e+00    0.0000000000000000e+00
   0.0000000000000000e+00    0.0000000000000000e+00    0.0000000000000000e+00
   0.0000000000000000e+00   -1.5612511283791264e-17   -3.5917629005943702e-01
   0.0000000000000000e+00    0.0000000000000000e+00    0.0000000000000000e+00
   1.5612511283791264e-17    0.0000000000000000e+00    4.8919202022545960e-16
   0.0000000000000000e+00    0.0000000000000000e+00    0.0000000000000000e+00
   3.5917629005943702e-01   -4.8919202022545960e-16    0.0000000000000000e+00
   0.0000000000000000e+00    0.0000000000000000e+00    0.0000000000000000e+00
   0.0000000000000000e+00    0.0000000000000000e+00    0.0000000000000000e+00
   0.0000000000000000e+00    0.0000000000000000e+00    0.0000000000000000e+00
   0.0000000000000000e+00    0.0000000000000000e+00    0.0000000000000000e+00
   0.0000000000000000e+00    0.0000000000000000e+00    0.0000000000000000e+00
   0.0000000000000000e+00    0.0000000000000000e+00    0.0000000000000000e+00
   0.0000000000000000e+00    0.0000000000000000e+00    0.0000000000000000e+00
   0.0000000000000000e+00    6.3424559084143309e-02    4.8919202022545960e-16
   0.0000000000000000e+00    0.0000000000000000e+00    0.0000000000000000e+00
  -6.3424559084143295e-02    0.0000000000000000e+00   -3.2127165931243007e-01
   0.0000000000000000e+00    0.0000000000000000e+00    0.0000000000000000e+00
  -4.8919202022545960e-16    3.2127165931243001e-01    0.0000000000000000e+00
   0.0000000000000000e+00    0.0000000000000000e+00    0.0000000000000000e+00
   0.0000000000000000e+00    0.0000000000000000e+00    0.0000000000000000e+00
   0.0000000000000000e+00    0.0000000000000000e+00    0.0000000000000000e+00
   0.0000000000000000e+00    0.0000000000000000e+00    0.0000000000000000e+00
   0.0000000000000000e+00    0.0000000000000000e+00    0.0000000000000000e+00
   0.0000000000000000e+00    0.0000000000000000e+00    0.0000000000000000e+00
   0.0000000000000000e+00    0.0000000000000000e+00    0.0000000000000000e+00
   0.0000000000000000e+00    0.0000000000000000e+00    0.0000000000000000e+00
   0.0000000000000000e+00    0.0000000000000000e+00    0.0000000000000000e+00
   0.0000000000000000e+00    0.0000000000000000e+00    0.0000000000000000e+00
   0.0000000000000000e+00    0.0000000000000000e+00    0.0000000000000000e+00
   0.0000000000000000e+00    0.0000000000000000e+00    0.0000000000000000e+00

