i1_ovov matrix:
4 4 4 4 4
   3.1550705691045533e-01    0.0000000000000000e+00    0.0000000000000000e+00
   0.0000000000000000e+00    0.0000000000000000e+00   -1.0119872953044945e-01
   0.0000000000000000e+00    0.0000000000000000e+00    0.0000000000000000e+00
   0.0000000000000000e+00    0.0000000000000000e+00    0.0000000000000000e+00
   0.0000000000000000e+00    0.0000000000000000e+00    0.0000000000000000e+00
   0.0000000000000000e+00    0.0000000000000000e+00    3.0566118263409003e-01
   0.0000000000000000e+00    0.0000000000000000e+00   -1.0876070780635427e-01
   0.0000000000000000e+00    0.0000000000000000e+00    0.0000000000000000e+00
   0.0000000000000000e+00    0.0000000000000000e+00    0.0000000000000000e+00
   0.0000000000000000e+00    0.0000000000000000e+00    0.0000000000000000e+00
   0.0000000000000000e+00    0.0000000000000000e+00    0.0000000000000000e+00
   0.0000000000000000e+00    4.2409512726863058e-01    0.0000000000000000e+00
   0.0000000000000000e+00    0.0000000000000000e+00    0.0000000000000000e+00
  -2.2088347422445370e-01   -1.0858807035817519e-01    0.0000000000000000e+00
   0.0000000000000000e+00    0.0000000000000000e+00    0.0000000000000000e+00
   1.1968474469400428e-01    0.0000000000000000e+00    0.0000000000000000e+00
   0.0000000000000000e+00    0.0000000000000000e+00    0.0000000000000000e+00
   4.2081614574101350e-01    0.0000000000000000e+00    0.0000000000000000e+00
  -2.1852718605707022e-01    0.0000000000000000e+00    0.0000000000000000e+00
  -1.1515496310692348e-01    0.0000000000000000e+00    0.0000000000000000e+00
   1.0976647825071595e-01    0.0000000000000000e+00    0.0000000000000000e+00
   0.0000000000000000e+00    0.0000000000000000e+00   -1.1540954583055826e-01
   0.0000000000000000e+00    0.0000000000000000e+00    3.0855205218302140e-01
   0.0000000000000000e+00    0.0000000000000000e+00    0.0000000000000000e+00
   0.0000000000000000e+00    0.0000000000000000e+00    0.0000000000000000e+00
   0.0000000000000000e+00    0.0000000000000000e+00    0.0000000000000000e+00
   0.0000000000000000e+00    0.0000000000000000e+00   -1.0088291695851256e-01
   0.0000000000000000e+00    0.0000000000000000e+00    0.0000000000000000e+00
   0.0000000000000000e+00    3.2056206886707245e-01    0.0000000000000000e+00
   0.0000000000000000e+00    0.0000000000000000e+00    0.0000000000000000e+00
   0.0000000000000000e+00    0.0000000000000000e+00    0.0000000000000000e+00
   0.0000000000000000e+00    0.0000000000000000e+00    0.0000000000000000e+00
   0.0000000000000000e+00    0.0000000000000000e+00    0.0000000000000000e+00
  -2.2641634805554373e-01    0.0000000000000000e+00    0.0000000000000000e+00
   4.3328165499149240e-01    0.0000000000000000e+00    0.0000000000000000e+00
   1.1100680222498545e-01    0.0000000000000000e+00    0.0000000000000000e+00
  -1.2472960280847101e-01    0.0000000000000000e+00    0.0000000000000000e+00
   0.0000000000000000e+00    0.0000000000000000e+00    0.0000000000000000e+00
  -2.2042414697766549e-01    0.0000000000000000e+00    0.0000000000000000e+00
   0.0000000000000000e+00    0.0000000000000000e+00    4.3242371307775096e-01
   1.1954123001915296e-01    0.0000000000000000e+00    0.0000000000000000e+00
   0.0000000000000000e+00    0.0000000000000000e+00   -1.1186164421067854e-01
   0.0000000000000000e+00    0.0000000000000000e+00    0.0000000000000000e+00
   0.0000000000000000e+00   -1.0858807035817519e-01    0.0000000000000000e+00
   0.0000000000000000e+00    0.0000000000000000e+00    0.0000000000000000e+00
   1.1968474469400428e-01    4.2409512726863058e-01    0.0000000000000000e+00
   0.0000000000000000e+00    0.0000000000000000e+00    0.0000000000000000e+00
  -2.2088347422445370e-01    0.0000000000000000e+00    0.0000000000000000e+00
   0.0000000000000000e+00    0.0000000000000000e+00    0.0000000000000000e+00
  -1.1515496310692348e-01    0.0000000000000000e+00    0.0000000000000000e+00
   1.0976647825071595e-01    0.0000000000000000e+00    0.0000000000000000e+00
   4.2081614574101350e-01    0.0000000000000000e+00    0.0000000000000000e+00
  -2.1852718605707022e-01    0.0000000000000000e+00    0.0000000000000000e+00
   0.0000000000000000e+00    0.0000000000000000e+00    0.0000000000000000e+00
   0.0000000000000000e+00    0.0000000000000000e+00    0.0000000000000000e+00
   0.0000000000000000e+00    0.0000000000000000e+00    0.0000000000000000e+00
   0.0000000000000000e+00    0.0000000000000000e+00    3.1550705691045533e-01
   0.0000000000000000e+00    0.0000000000000000e+00    0.0000000000000000e+00
   0.0000000000000000e+00   -1.0119872953044945e-01    0.0000000000000000e+00
   0.0000000000000000e+00    0.0000000000000000e+00    0.0000000000000000e+00
   0.0000000000000000e+00    0.0000000000000000e+00    0.0000000000000000e+00
   0.0000000000000000e+00    0.0000000000000000e+00    0.0000000000000000e+00
   0.0000000000000000e+00    3.0566118263409003e-01    0.0000000000000000e+00
   0.0000000000000000e+00   -1.0876070780635427e-01    0.0000000000000000e+00
   0.0000000000000000e+00    0.0000000000000000e+00    0.0000000000000000e+00
   1.1100680222498545e-01    0.0000000000000000e+00    0.0000000000000000e+00
  -1.2472960280847101e-01    0.0000000000000000e+00    0.0000000000000000e+00
  -2.2641634805554373e-01    0.0000000000000000e+00    0.0000000000000000e+00
   4.3328165499149240e-01    0.0000000000000000e+00    0.0000000000000000e+00
   0.0000000000000000e+00    0.0000000000000000e+00    0.0000000000000000e+00
   1.1954123001915296e-01    0.0000000000000000e+00    0.0000000000000000e+00
   0.0000000000000000e+00    0.0000000000000000e+00   -1.1186164421067854e-01
  -2.2042414697766549e-01    0.0000000000000000e+00    0.0000000000000000e+00
   0.0000000000000000e+00    0.0000000000000000e+00    4.3242371307775096e-01
   0.0000000000000000e+00    0.0000000000000000e+00    0.0000000000000000e+00
   0.0000000000000000e+00    0.0000000000000000e+00    0.0000000000000000e+00
   0.0000000000000000e+00    0.0000000000000000e+00    0.0000000000000000e+00
   0.0000000000000000e+00    0.0000000000000000e+00    0.0000000000000000e+00
   0.0000000000000000e+00   -1.1540954583055826e-01    0.0000000000000000e+00
   0.0000000000000000e+00    3.0855205218302140e-01    0.0000000000000000e+00
   0.0000000000000000e+00    0.0000000000000000e+00    0.0000000000000000e+00
   0.0000000000000000e+00    0.0000000000000000e+00    0.0000000000000000e+00
   0.0000000000000000e+00    0.0000000000000000e+00    0.0000000000000000e+00
   0.0000000000000000e+00   -1.0088291695851256e-01    0.0000000000000000e+00
   0.0000000000000000e+00    0.0000000000000000e+00    0.0000000000000000e+00
   3.2056206886707245e-01 
i2_ooov matrix:
4 4 4 4 4
   0.0000000000000000e+00    0.0000000000000000e+00    0.0000000000000000e+00
   0.0000000000000000e+00    0.0000000000000000e+00    0.0000000000000000e+00
   0.0000000000000000e+00    0.0000000000000000e+00    0.0000000000000000e+00
   0.0000000000000000e+00    0.0000000000000000e+00    0.0000000000000000e+00
   0.0000000000000000e+00    0.0000000000000000e+00    0.0000000000000000e+00
   0.0000000000000000e+00    0.0000000000000000e+00    0.0000000000000000e+00
   0.0000000000000000e+00    0.0000000000000000e+00    0.0000000000000000e+00
   0.0000000000000000e+00    0.0000000000000000e+00    0.0000000000000000e+00
   0.0000000000000000e+00    0.0000000000000000e+00    0.0000000000000000e+00
   0.0000000000000000e+00    0.0000000000000000e+00    0.0000000000000000e+00
   0.0000000000000000e+00    0.0000000000000000e+00    0.0000000000000000e+00
   0.0000000000000000e+00    0.0000000000000000e+00    0.0000000000000000e+00
   0.0000000000000000e+00    0.0000000000000000e+00    0.0000000000000000e+00
   0.0000000000000000e+00    0.0000000000000000e+00    0.0000000000000000e+00
   0.0000000000000000e+00    0.0000000000000000e+00    0.0000000000000000e+00
   0.0000000000000000e+00    0.0000000000000000e+00    0.0000000000000000e+00
   0.0000000000000000e+00    0.0000000000000000e+00    0.0000000000000000e+00
   0.0000000000000000e+00    0.0000000000000000e+00    0.0000000000000000e+00
   0.0000000000000000e+00    0.0000000000000000e+00    0.0000000000000000e+00
   0.0000000000000000e+00    0.0000000000000000e+00    0.0000000000000000e+00
   0.0000000000000000e+00    0.0000000000000000e+00    0.0000000000000000e+00
   0.0000000000000000e+00    0.0000000000000000e+00    0.0000000000000000e+00
   0.0000000000000000e+00    0.0000000000000000e+00    0.0000000000000000e+00
   0.0000000000000000e+00    0.0000000000000000e+00    0.0000000000000000e+00
   0.0000000000000000e+00    0.0000000000000000e+00    0.0000000000000000e+00
   0.0000000000000000e+00    0.0000000000000000e+00    0.0000000000000000e+00
   0.0000000000000000e+00    0.0000000000000000e+00    0.0000000000000000e+00
   0.0000000000000000e+00    0.0000000000000000e+00    0.0000000000000000e+00
   0.0000000000000000e+00    0.0000000000000000e+00    0.0000000000000000e+00
   0.0000000000000000e+00    0.0000000000000000e+00    0.0000000000000000e+00
   0.0000000000000000e+00    0.0000000000000000e+00    0.0000000000000000e+00
   0.0000000000000000e+00    0.0000000000000000e+00    0.0000000000000000e+00
   0.0000000000000000e+00    0.0000000000000000e+00    0.0000000000000000e+00
   0.0000000000000000e+00    0.0000000000000000e+00    0.0000000000000000e+00
   0.0000000000000000e+00    0.0000000000000000e+00    0.0000000000000000e+00
   0.0000000000000000e+00    0.0000000000000000e+00    0.0000000000000000e+00
   0.0000000000000000e+00    0.0000000000000000e+00    0.0000000000000000e+00
   0.0000000000000000e+00    0.0000000000000000e+00    0.0000000000000000e+00
   0.0000000000000000e+00    0.0000000000000000e+00    0.0000000000000000e+00
   0.0000000000000000e+00    0.0000000000000000e+00    0.0000000000000000e+00
   0.0000000000000000e+00    0.0000000000000000e+00    0.0000000000000000e+00
   0.0000000000000000e+00    0.0000000000000000e+00    0.0000000000000000e+00
   0.0000000000000000e+00    0.0000000000000000e+00    0.0000000000000000e+00
   0.0000000000000000e+00    0.0000000000000000e+00    0.0000000000000000e+00
   0.0000000000000000e+00    0.0000000000000000e+00    0.0000000000000000e+00
   0.0000000000000000e+00    0.0000000000000000e+00    0.0000000000000000e+00
   0.0000000000000000e+00    0.0000000000000000e+00    0.0000000000000000e+00
   0.0000000000000000e+00    0.0000000000000000e+00    0.0000000000000000e+00
   0.0000000000000000e+00    0.0000000000000000e+00    0.0000000000000000e+00
   0.0000000000000000e+00    0.0000000000000000e+00    0.0000000000000000e+00
   0.0000000000000000e+00    0.0000000000000000e+00    0.0000000000000000e+00
   0.0000000000000000e+00    0.0000000000000000e+00    0.0000000000000000e+00
   0.0000000000000000e+00    0.0000000000000000e+00    0.0000000000000000e+00
   0.0000000000000000e+00    0.0000000000000000e+00    0.0000000000000000e+00
   0.0000000000000000e+00    0.0000000000000000e+00    0.0000000000000000e+00
   0.0000000000000000e+00    0.0000000000000000e+00    0.0000000000000000e+00
   0.0000000000000000e+00    0.0000000000000000e+00    0.0000000000000000e+00
   0.0000000000000000e+00    0.0000000000000000e+00    0.0000000000000000e+00
   0.0000000000000000e+00    0.0000000000000000e+00    0.0000000000000000e+00
   0.0000000000000000e+00    0.0000000000000000e+00    0.0000000000000000e+00
   0.0000000000000000e+00    0.0000000000000000e+00    0.0000000000000000e+00
   0.0000000000000000e+00    0.0000000000000000e+00    0.0000000000000000e+00
   0.0000000000000000e+00    0.0000000000000000e+00    0.0000000000000000e+00
   0.0000000000000000e+00    0.0000000000000000e+00    0.0000000000000000e+00
   0.0000000000000000e+00    0.0000000000000000e+00    0.0000000000000000e+00
   0.0000000000000000e+00    0.0000000000000000e+00    0.0000000000000000e+00
   0.0000000000000000e+00    0.0000000000000000e+00    0.0000000000000000e+00
   0.0000000000000000e+00    0.0000000000000000e+00    0.0000000000000000e+00
   0.0000000000000000e+00    0.0000000000000000e+00    0.0000000000000000e+00
   0.0000000000000000e+00    0.0000000000000000e+00    0.0000000000000000e+00
   0.0000000000000000e+00    0.0000000000000000e+00    0.0000000000000000e+00
   0.0000000000000000e+00    0.0000000000000000e+00    0.0000000000000000e+00
   0.0000000000000000e+00    0.0000000000000000e+00    0.0000000000000000e+00
   0.0000000000000000e+00    0.0000000000000000e+00    0.0000000000000000e+00
   0.0000000000000000e+00    0.0000000000000000e+00    0.0000000000000000e+00
   0.0000000000000000e+00    0.0000000000000000e+00    0.0000000000000000e+00
   0.0000000000000000e+00    0.0000000000000000e+00    0.0000000000000000e+00
   0.0000000000000000e+00    0.0000000000000000e+00    0.0000000000000000e+00
   0.0000000000000000e+00    0.0000000000000000e+00    0.0000000000000000e+00
   0.0000000000000000e+00    0.0000000000000000e+00    0.0000000000000000e+00
   0.0000000000000000e+00    0.0000000000000000e+00    0.0000000000000000e+00
   0.0000000000000000e+00    0.0000000000000000e+00    0.0000000000000000e+00
   0.0000000000000000e+00    0.0000000000000000e+00    0.0000000000000000e+00
   0.0000000000000000e+00    0.0000000000000000e+00    0.0000000000000000e+00
   0.0000000000000000e+00    0.0000000000000000e+00    0.0000000000000000e+00
   0.0000000000000000e+00 
i3_ovvv matrix:
4 4 4 4 4
   0.0000000000000000e+00    0.0000000000000000e+00    0.0000000000000000e+00
   0.0000000000000000e+00    0.0000000000000000e+00    0.0000000000000000e+00
   0.0000000000000000e+00    0.0000000000000000e+00    0.0000000000000000e+00
   0.0000000000000000e+00    0.0000000000000000e+00    0.0000000000000000e+00
   0.0000000000000000e+00    0.0000000000000000e+00    0.0000000000000000e+00
   0.0000000000000000e+00    0.0000000000000000e+00    0.0000000000000000e+00
   0.0000000000000000e+00    0.0000000000000000e+00    0.0000000000000000e+00
   0.0000000000000000e+00    0.0000000000000000e+00    0.0000000000000000e+00
   0.0000000000000000e+00    0.0000000000000000e+00    0.0000000000000000e+00
   0.0000000000000000e+00    0.0000000000000000e+00    0.0000000000000000e+00
   0.0000000000000000e+00    0.0000000000000000e+00    0.0000000000000000e+00
   0.0000000000000000e+00    0.0000000000000000e+00    0.0000000000000000e+00
   0.0000000000000000e+00    0.0000000000000000e+00    0.0000000000000000e+00
   0.0000000000000000e+00    0.0000000000000000e+00    0.0000000000000000e+00
   0.0000000000000000e+00    0.0000000000000000e+00    0.0000000000000000e+00
   0.0000000000000000e+00    0.0000000000000000e+00    0.0000000000000000e+00
   0.0000000000000000e+00    0.0000000000000000e+00    0.0000000000000000e+00
   0.0000000000000000e+00    0.0000000000000000e+00    0.0000000000000000e+00
   0.0000000000000000e+00    0.0000000000000000e+00    0.0000000000000000e+00
   0.0000000000000000e+00    0.0000000000000000e+00    0.0000000000000000e+00
   0.0000000000000000e+00    0.0000000000000000e+00    0.0000000000000000e+00
   0.0000000000000000e+00    0.0000000000000000e+00    0.0000000000000000e+00
   0.0000000000000000e+00    0.0000000000000000e+00    0.0000000000000000e+00
   0.0000000000000000e+00    0.0000000000000000e+00    0.0000000000000000e+00
   0.0000000000000000e+00    0.0000000000000000e+00    0.0000000000000000e+00
   0.0000000000000000e+00    0.0000000000000000e+00    0.0000000000000000e+00
   0.0000000000000000e+00    0.0000000000000000e+00    0.0000000000000000e+00
   0.0000000000000000e+00    0.0000000000000000e+00    0.0000000000000000e+00
   0.0000000000000000e+00    0.0000000000000000e+00    0.0000000000000000e+00
   0.0000000000000000e+00    0.0000000000000000e+00    0.0000000000000000e+00
   0.0000000000000000e+00    0.0000000000000000e+00    0.0000000000000000e+00
   0.0000000000000000e+00    0.0000000000000000e+00    0.0000000000000000e+00
   0.0000000000000000e+00    0.0000000000000000e+00    0.0000000000000000e+00
   0.0000000000000000e+00    0.0000000000000000e+00    0.0000000000000000e+00
   0.0000000000000000e+00    0.0000000000000000e+00    0.0000000000000000e+00
   0.0000000000000000e+00    0.0000000000000000e+00    0.0000000000000000e+00
   0.0000000000000000e+00    0.0000000000000000e+00    0.0000000000000000e+00
   0.0000000000000000e+00    0.0000000000000000e+00    0.0000000000000000e+00
   0.0000000000000000e+00    0.0000000000000000e+00    0.0000000000000000e+00
   0.0000000000000000e+00    0.0000000000000000e+00    0.0000000000000000e+00
   0.0000000000000000e+00    0.0000000000000000e+00    0.0000000000000000e+00
   0.0000000000000000e+00    0.0000000000000000e+00    0.0000000000000000e+00
   0.0000000000000000e+00    0.0000000000000000e+00    0.0000000000000000e+00
   0.0000000000000000e+00    0.0000000000000000e+00    0.0000000000000000e+00
   0.0000000000000000e+00    0.0000000000000000e+00    0.0000000000000000e+00
   0.0000000000000000e+00    0.0000000000000000e+00    0.0000000000000000e+00
   0.0000000000000000e+00    0.0000000000000000e+00    0.0000000000000000e+00
   0.0000000000000000e+00    0.0000000000000000e+00    0.0000000000000000e+00
   0.0000000000000000e+00    0.0000000000000000e+00    0.0000000000000000e+00
   0.0000000000000000e+00    0.0000000000000000e+00    0.0000000000000000e+00
   0.0000000000000000e+00    0.0000000000000000e+00    0.0000000000000000e+00
   0.0000000000000000e+00    0.0000000000000000e+00    0.0000000000000000e+00
   0.0000000000000000e+00    0.0000000000000000e+00    0.0000000000000000e+00
   0.0000000000000000e+00    0.0000000000000000e+00    0.0000000000000000e+00
   0.0000000000000000e+00    0.0000000000000000e+00    0.0000000000000000e+00
   0.0000000000000000e+00    0.0000000000000000e+00    0.0000000000000000e+00
   0.0000000000000000e+00    0.0000000000000000e+00    0.0000000000000000e+00
   0.0000000000000000e+00    0.0000000000000000e+00    0.0000000000000000e+00
   0.0000000000000000e+00    0.0000000000000000e+00    0.0000000000000000e+00
   0.0000000000000000e+00    0.0000000000000000e+00    0.0000000000000000e+00
   0.0000000000000000e+00    0.0000000000000000e+00    0.0000000000000000e+00
   0.0000000000000000e+00    0.0000000000000000e+00    0.0000000000000000e+00
   0.0000000000000000e+00    0.0000000000000000e+00    0.0000000000000000e+00
   0.0000000000000000e+00    0.0000000000000000e+00    0.0000000000000000e+00
   0.0000000000000000e+00    0.0000000000000000e+00    0.0000000000000000e+00
   0.0000000000000000e+00    0.0000000000000000e+00    0.0000000000000000e+00
   0.0000000000000000e+00    0.0000000000000000e+00    0.0000000000000000e+00
   0.0000000000000000e+00    0.0000000000000000e+00    0.0000000000000000e+00
   0.0000000000000000e+00    0.0000000000000000e+00    0.0000000000000000e+00
   0.0000000000000000e+00    0.0000000000000000e+00    0.0000000000000000e+00
   0.0000000000000000e+00    0.0000000000000000e+00    0.0000000000000000e+00
   0.0000000000000000e+00    0.0000000000000000e+00    0.0000000000000000e+00
   0.0000000000000000e+00    0.0000000000000000e+00    0.0000000000000000e+00
   0.0000000000000000e+00    0.0000000000000000e+00    0.0000000000000000e+00
   0.0000000000000000e+00    0.0000000000000000e+00    0.0000000000000000e+00
   0.0000000000000000e+00    0.0000000000000000e+00    0.0000000000000000e+00
   0.0000000000000000e+00    0.0000000000000000e+00    0.0000000000000000e+00
   0.0000000000000000e+00    0.0000000000000000e+00    0.0000000000000000e+00
   0.0000000000000000e+00    0.0000000000000000e+00    0.0000000000000000e+00
   0.0000000000000000e+00    0.0000000000000000e+00    0.0000000000000000e+00
   0.0000000000000000e+00    0.0000000000000000e+00    0.0000000000000000e+00
   0.0000000000000000e+00    0.0000000000000000e+00    0.0000000000000000e+00
   0.0000000000000000e+00    0.0000000000000000e+00    0.0000000000000000e+00
   0.0000000000000000e+00    0.0000000000000000e+00    0.0000000000000000e+00
   0.0000000000000000e+00    0.0000000000000000e+00    0.0000000000000000e+00
   0.0000000000000000e+00 
i4_oooo matrix:
4 4 4 4 4
   0.0000000000000000e+00    0.0000000000000000e+00    0.0000000000000000e+00
   0.0000000000000000e+00    0.0000000000000000e+00    0.0000000000000000e+00
   0.0000000000000000e+00    0.0000000000000000e+00    0.0000000000000000e+00
   0.0000000000000000e+00    0.0000000000000000e+00    0.0000000000000000e+00
   0.0000000000000000e+00    0.0000000000000000e+00    0.0000000000000000e+00
   0.0000000000000000e+00    0.0000000000000000e+00    2.0842662468346071e-01
   0.0000000000000000e+00    0.0000000000000000e+00   -2.0842662468346071e-01
   0.0000000000000000e+00    0.0000000000000000e+00    0.0000000000000000e+00
   0.0000000000000000e+00    0.0000000000000000e+00    0.0000000000000000e+00
   0.0000000000000000e+00    0.0000000000000000e+00    0.0000000000000000e+00
   0.0000000000000000e+00    0.0000000000000000e+00    0.0000000000000000e+00
   0.0000000000000000e+00    3.3944898552370401e-01    0.0000000000000000e+00
   0.0000000000000000e+00    0.0000000000000000e+00    0.0000000000000000e+00
   1.3178425355760370e-01   -3.3944898552370401e-01    0.0000000000000000e+00
   0.0000000000000000e+00    0.0000000000000000e+00    0.0000000000000000e+00
  -1.3178425355760370e-01    0.0000000000000000e+00    0.0000000000000000e+00
   0.0000000000000000e+00    0.0000000000000000e+00    0.0000000000000000e+00
   3.3690269935746192e-01    0.0000000000000000e+00    0.0000000000000000e+00
   1.2847607467400118e-01    0.0000000000000000e+00    0.0000000000000000e+00
  -1.2847607467400118e-01    0.0000000000000000e+00    0.0000000000000000e+00
  -3.3690269935746192e-01    0.0000000000000000e+00    0.0000000000000000e+00
   0.0000000000000000e+00    0.0000000000000000e+00   -2.0842662468346071e-01
   0.0000000000000000e+00    0.0000000000000000e+00    2.0842662468346071e-01
   0.0000000000000000e+00    0.0000000000000000e+00    0.0000000000000000e+00
   0.0000000000000000e+00    0.0000000000000000e+00    0.0000000000000000e+00
   0.0000000000000000e+00    0.0000000000000000e+00    0.0000000000000000e+00
   0.0000000000000000e+00    0.0000000000000000e+00    0.0000000000000000e+00
   0.0000000000000000e+00    0.0000000000000000e+00    0.0000000000000000e+00
   0.0000000000000000e+00    0.0000000000000000e+00    0.0000000000000000e+00
   0.0000000000000000e+00    0.0000000000000000e+00    0.0000000000000000e+00
   0.0000000000000000e+00    0.0000000000000000e+00    0.0000000000000000e+00
   0.0000000000000000e+00    0.0000000000000000e+00    0.0000000000000000e+00
   0.0000000000000000e+00    0.0000000000000000e+00    0.0000000000000000e+00
   1.2847607467400118e-01    0.0000000000000000e+00    0.0000000000000000e+00
   3.3690269935746192e-01    0.0000000000000000e+00    0.0000000000000000e+00
  -3.3690269935746192e-01    0.0000000000000000e+00    0.0000000000000000e+00
  -1.2847607467400118e-01    0.0000000000000000e+00    0.0000000000000000e+00
   0.0000000000000000e+00    0.0000000000000000e+00    0.0000000000000000e+00
   1.2439253815808288e-01    0.0000000000000000e+00    0.0000000000000000e+00
   0.0000000000000000e+00    0.0000000000000000e+00    3.3552377622253016e-01
  -1.2439253815808288e-01    0.0000000000000000e+00    0.0000000000000000e+00
   0.0000000000000000e+00    0.0000000000000000e+00   -3.3552377622253016e-01
   0.0000000000000000e+00    0.0000000000000000e+00    0.0000000000000000e+00
   0.0000000000000000e+00   -3.3944898552370401e-01    0.0000000000000000e+00
   0.0000000000000000e+00    0.0000000000000000e+00    0.0000000000000000e+00
  -1.3178425355760370e-01    3.3944898552370401e-01    0.0000000000000000e+00
   0.0000000000000000e+00    0.0000000000000000e+00    0.0000000000000000e+00
   1.3178425355760370e-01    0.0000000000000000e+00    0.0000000000000000e+00
   0.0000000000000000e+00    0.0000000000000000e+00    0.0000000000000000e+00
  -1.2847607467400118e-01    0.0000000000000000e+00    0.0000000000000000e+00
  -3.3690269935746192e-01    0.0000000000000000e+00    0.0000000000000000e+00
   3.3690269935746192e-01    0.0000000000000000e+00    0.0000000000000000e+00
   1.2847607467400118e-01    0.0000000000000000e+00    0.0000000000000000e+00
   0.0000000000000000e+00    0.0000000000000000e+00    0.0000000000000000e+00
   0.0000000000000000e+00    0.0000000000000000e+00    0.0000000000000000e+00
   0.0000000000000000e+00    0.0000000000000000e+00    0.0000000000000000e+00
   0.0000000000000000e+00    0.0000000000000000e+00    0.0000000000000000e+00
   0.0000000000000000e+00    0.0000000000000000e+00    0.0000000000000000e+00
   0.0000000000000000e+00    0.0000000000000000e+00    0.0000000000000000e+00
   0.0000000000000000e+00    0.0000000000000000e+00    0.0000000000000000e+00
   0.0000000000000000e+00    0.0000000000000000e+00    0.0000000000000000e+00
   0.0000000000000000e+00    0.0000000000000000e+00    0.0000000000000000e+00
   0.0000000000000000e+00    2.0842662468346071e-01    0.0000000000000000e+00
   0.0000000000000000e+00   -2.0842662468346071e-01    0.0000000000000000e+00
   0.0000000000000000e+00    0.0000000000000000e+00    0.0000000000000000e+00
  -3.3690269935746192e-01    0.0000000000000000e+00    0.0000000000000000e+00
  -1.2847607467400118e-01    0.0000000000000000e+00    0.0000000000000000e+00
   1.2847607467400118e-01    0.0000000000000000e+00    0.0000000000000000e+00
   3.3690269935746192e-01    0.0000000000000000e+00    0.0000000000000000e+00
   0.0000000000000000e+00    0.0000000000000000e+00    0.0000000000000000e+00
  -1.2439253815808288e-01    0.0000000000000000e+00    0.0000000000000000e+00
   0.0000000000000000e+00    0.0000000000000000e+00   -3.3552377622253016e-01
   1.2439253815808288e-01    0.0000000000000000e+00    0.0000000000000000e+00
   0.0000000000000000e+00    0.0000000000000000e+00    3.3552377622253016e-01
   0.0000000000000000e+00    0.0000000000000000e+00    0.0000000000000000e+00
   0.0000000000000000e+00    0.0000000000000000e+00    0.0000000000000000e+00
   0.0000000000000000e+00    0.0000000000000000e+00    0.0000000000000000e+00
   0.0000000000000000e+00    0.0000000000000000e+00    0.0000000000000000e+00
   0.0000000000000000e+00   -2.0842662468346071e-01    0.0000000000000000e+00
   0.0000000000000000e+00    2.0842662468346071e-01    0.0000000000000000e+00
   0.0000000000000000e+00    0.0000000000000000e+00    0.0000000000000000e+00
   0.0000000000000000e+00    0.0000000000000000e+00    0.0000000000000000e+00
   0.0000000000000000e+00    0.0000000000000000e+00    0.0000000000000000e+00
   0.0000000000000000e+00    0.0000000000000000e+00    0.0000000000000000e+00
   0.0000000000000000e+00    0.0000000000000000e+00    0.0000000000000000e+00
   0.0000000000000000e+00 
i5_vvvv matrix:
4 4 4 4 4
   0.0000000000000000e+00    0.0000000000000000e+00    0.0000000000000000e+00
   0.0000000000000000e+00    0.0000000000000000e+00    0.0000000000000000e+00
   0.0000000000000000e+00    0.0000000000000000e+00    0.0000000000000000e+00
   0.0000000000000000e+00    0.0000000000000000e+00    0.0000000000000000e+00
   0.0000000000000000e+00    0.0000000000000000e+00    0.0000000000000000e+00
   0.0000000000000000e+00    0.0000000000000000e+00    2.0316253698399842e-01
   0.0000000000000000e+00    0.0000000000000000e+00   -2.0316253698399842e-01
   0.0000000000000000e+00    0.0000000000000000e+00    0.0000000000000000e+00
   0.0000000000000000e+00    0.0000000000000000e+00    0.0000000000000000e+00
   0.0000000000000000e+00    0.0000000000000000e+00    0.0000000000000000e+00
   0.0000000000000000e+00    0.0000000000000000e+00    0.0000000000000000e+00
   0.0000000000000000e+00    3.5685851578419159e-01    0.0000000000000000e+00
   0.0000000000000000e+00    0.0000000000000000e+00    0.0000000000000000e+00
   1.4984501240688808e-01   -3.5685851578419159e-01    0.0000000000000000e+00
   0.0000000000000000e+00    0.0000000000000000e+00    0.0000000000000000e+00
  -1.4984501240688808e-01    0.0000000000000000e+00    0.0000000000000000e+00
   0.0000000000000000e+00    0.0000000000000000e+00    0.0000000000000000e+00
   3.4949812304286870e-01    0.0000000000000000e+00    0.0000000000000000e+00
   1.4633558605887026e-01    0.0000000000000000e+00    0.0000000000000000e+00
  -1.4633558605887026e-01    0.0000000000000000e+00    0.0000000000000000e+00
  -3.4949812304286870e-01    0.0000000000000000e+00    0.0000000000000000e+00
   0.0000000000000000e+00    0.0000000000000000e+00   -2.0316253698399842e-01
   0.0000000000000000e+00    0.0000000000000000e+00    2.0316253698399842e-01
   0.0000000000000000e+00    0.0000000000000000e+00    0.0000000000000000e+00
   0.0000000000000000e+00    0.0000000000000000e+00    0.0000000000000000e+00
   0.0000000000000000e+00    0.0000000000000000e+00    0.0000000000000000e+00
   0.0000000000000000e+00    0.0000000000000000e+00    0.0000000000000000e+00
   0.0000000000000000e+00    0.0000000000000000e+00    0.0000000000000000e+00
   0.0000000000000000e+00    0.0000000000000000e+00    0.0000000000000000e+00
   0.0000000000000000e+00    0.0000000000000000e+00    0.0000000000000000e+00
   0.0000000000000000e+00    0.0000000000000000e+00    0.0000000000000000e+00
   0.0000000000000000e+00    0.0000000000000000e+00    0.0000000000000000e+00
   0.0000000000000000e+00    0.0000000000000000e+00    0.0000000000000000e+00
   1.4633558605887026e-01    0.0000000000000000e+00    0.0000000000000000e+00
   3.4949812304286870e-01    0.0000000000000000e+00    0.0000000000000000e+00
  -3.4949812304286870e-01    0.0000000000000000e+00    0.0000000000000000e+00
  -1.4633558605887026e-01    0.0000000000000000e+00    0.0000000000000000e+00
   0.0000000000000000e+00    0.0000000000000000e+00    0.0000000000000000e+00
   1.4135241410209248e-01    0.0000000000000000e+00    0.0000000000000000e+00
   0.0000000000000000e+00    0.0000000000000000e+00    3.4232596665889858e-01
  -1.4135241410209248e-01    0.0000000000000000e+00    0.0000000000000000e+00
   0.0000000000000000e+00    0.0000000000000000e+00   -3.4232596665889858e-01
   0.0000000000000000e+00    0.0000000000000000e+00    0.0000000000000000e+00
   0.0000000000000000e+00   -3.5685851578419159e-01    0.0000000000000000e+00
   0.0000000000000000e+00    0.0000000000000000e+00    0.0000000000000000e+00
  -1.4984501240688808e-01    3.5685851578419159e-01    0.0000000000000000e+00
   0.0000000000000000e+00    0.0000000000000000e+00    0.0000000000000000e+00
   1.4984501240688808e-01    0.0000000000000000e+00    0.0000000000000000e+00
   0.0000000000000000e+00    0.0000000000000000e+00    0.0000000000000000e+00
  -1.4633558605887026e-01    0.0000000000000000e+00    0.0000000000000000e+00
  -3.4949812304286870e-01    0.0000000000000000e+00    0.0000000000000000e+00
   3.4949812304286870e-01    0.0000000000000000e+00    0.0000000000000000e+00
   1.4633558605887026e-01    0.0000000000000000e+00    0.0000000000000000e+00
   0.0000000000000000e+00    0.0000000000000000e+00    0.0000000000000000e+00
   0.0000000000000000e+00    0.0000000000000000e+00    0.0000000000000000e+00
   0.0000000000000000e+00    0.0000000000000000e+00    0.0000000000000000e+00
   0.0000000000000000e+00    0.0000000000000000e+00    0.0000000000000000e+00
   0.0000000000000000e+00    0.0000000000000000e+00    0.0000000000000000e+00
   0.0000000000000000e+00    0.0000000000000000e+00    0.0000000000000000e+00
   0.0000000000000000e+00    0.0000000000000000e+00    0.0000000000000000e+00
   0.0000000000000000e+00    0.0000000000000000e+00    0.0000000000000000e+00
   0.0000000000000000e+00    0.0000000000000000e+00    0.0000000000000000e+00
   0.0000000000000000e+00    2.0316253698399842e-01    0.0000000000000000e+00
   0.0000000000000000e+00   -2.0316253698399842e-01    0.0000000000000000e+00
   0.0000000000000000e+00    0.0000000000000000e+00    0.0000000000000000e+00
  -3.4949812304286870e-01    0.0000000000000000e+00    0.0000000000000000e+00
  -1.4633558605887026e-01    0.0000000000000000e+00    0.0000000000000000e+00
   1.4633558605887026e-01    0.0000000000000000e+00    0.0000000000000000e+00
   3.4949812304286870e-01    0.0000000000000000e+00    0.0000000000000000e+00
   0.0000000000000000e+00    0.0000000000000000e+00    0.0000000000000000e+00
  -1.4135241410209248e-01    0.0000000000000000e+00    0.0000000000000000e+00
   0.0000000000000000e+00    0.0000000000000000e+00   -3.4232596665889858e-01
   1.4135241410209248e-01    0.0000000000000000e+00    0.0000000000000000e+00
   0.0000000000000000e+00    0.0000000000000000e+00    3.4232596665889858e-01
   0.0000000000000000e+00    0.0000000000000000e+00    0.0000000000000000e+00
   0.0000000000000000e+00    0.0000000000000000e+00    0.0000000000000000e+00
   0.0000000000000000e+00    0.0000000000000000e+00    0.0000000000000000e+00
   0.0000000000000000e+00    0.0000000000000000e+00    0.0000000000000000e+00
   0.0000000000000000e+00   -2.0316253698399842e-01    0.0000000000000000e+00
   0.0000000000000000e+00    2.0316253698399842e-01    0.0000000000000000e+00
   0.0000000000000000e+00    0.0000000000000000e+00    0.0000000000000000e+00
   0.0000000000000000e+00    0.0000000000000000e+00    0.0000000000000000e+00
   0.0000000000000000e+00    0.0000000000000000e+00    0.0000000000000000e+00
   0.0000000000000000e+00    0.0000000000000000e+00    0.0000000000000000e+00
   0.0000000000000000e+00    0.0000000000000000e+00    0.0000000000000000e+00
   0.0000000000000000e+00 
i6_ooov matrix:
4 4 4 4 4
   0.0000000000000000e+00    0.0000000000000000e+00    0.0000000000000000e+00
   0.0000000000000000e+00    0.0000000000000000e+00    0.0000000000000000e+00
   0.0000000000000000e+00    0.0000000000000000e+00    0.0000000000000000e+00
   0.0000000000000000e+00    0.0000000000000000e+00    0.0000000000000000e+00
   0.0000000000000000e+00    0.0000000000000000e+00    0.0000000000000000e+00
   0.0000000000000000e+00    0.0000000000000000e+00    0.0000000000000000e+00
   0.0000000000000000e+00    0.0000000000000000e+00    0.0000000000000000e+00
   0.0000000000000000e+00    0.0000000000000000e+00    0.0000000000000000e+00
   0.0000000000000000e+00    0.0000000000000000e+00    0.0000000000000000e+00
   0.0000000000000000e+00    0.0000000000000000e+00    0.0000000000000000e+00
   0.0000000000000000e+00    0.0000000000000000e+00    0.0000000000000000e+00
   0.0000000000000000e+00    0.0000000000000000e+00    0.0000000000000000e+00
   0.0000000000000000e+00    0.0000000000000000e+00    0.0000000000000000e+00
   0.0000000000000000e+00    0.0000000000000000e+00    0.0000000000000000e+00
   0.0000000000000000e+00    0.0000000000000000e+00    0.0000000000000000e+00
   0.0000000000000000e+00    0.0000000000000000e+00    0.0000000000000000e+00
   0.0000000000000000e+00    0.0000000000000000e+00    0.0000000000000000e+00
   0.0000000000000000e+00    0.0000000000000000e+00    0.0000000000000000e+00
   0.0000000000000000e+00    0.0000000000000000e+00    0.0000000000000000e+00
   0.0000000000000000e+00    0.0000000000000000e+00    0.0000000000000000e+00
   0.0000000000000000e+00    0.0000000000000000e+00    0.0000000000000000e+00
   0.0000000000000000e+00    0.0000000000000000e+00    0.0000000000000000e+00
   0.0000000000000000e+00    0.0000000000000000e+00    0.0000000000000000e+00
   0.0000000000000000e+00    0.0000000000000000e+00    0.0000000000000000e+00
   0.0000000000000000e+00    0.0000000000000000e+00    0.0000000000000000e+00
   0.0000000000000000e+00    0.0000000000000000e+00    0.0000000000000000e+00
   0.0000000000000000e+00    0.0000000000000000e+00    0.0000000000000000e+00
   0.0000000000000000e+00    0.0000000000000000e+00    0.0000000000000000e+00
   0.0000000000000000e+00    0.0000000000000000e+00    0.0000000000000000e+00
   0.0000000000000000e+00    0.0000000000000000e+00    0.0000000000000000e+00
   0.0000000000000000e+00    0.0000000000000000e+00    0.0000000000000000e+00
   0.0000000000000000e+00    0.0000000000000000e+00    0.0000000000000000e+00
   0.0000000000000000e+00    0.0000000000000000e+00    0.0000000000000000e+00
   0.0000000000000000e+00    0.0000000000000000e+00    0.0000000000000000e+00
   0.0000000000000000e+00    0.0000000000000000e+00    0.0000000000000000e+00
   0.0000000000000000e+00    0.0000000000000000e+00    0.0000000000000000e+00
   0.0000000000000000e+00    0.0000000000000000e+00    0.0000000000000000e+00
   0.0000000000000000e+00    0.0000000000000000e+00    0.0000000000000000e+00
   0.0000000000000000e+00    0.0000000000000000e+00    0.0000000000000000e+00
   0.0000000000000000e+00    0.0000000000000000e+00    0.0000000000000000e+00
   0.0000000000000000e+00    0.0000000000000000e+00    0.0000000000000000e+00
   0.0000000000000000e+00    0.0000000000000000e+00    0.0000000000000000e+00
   0.0000000000000000e+00    0.0000000000000000e+00    0.0000000000000000e+00
   0.0000000000000000e+00    0.0000000000000000e+00    0.0000000000000000e+00
   0.0000000000000000e+00    0.0000000000000000e+00    0.0000000000000000e+00
   0.0000000000000000e+00    0.0000000000000000e+00    0.0000000000000000e+00
   0.0000000000000000e+00    0.0000000000000000e+00    0.0000000000000000e+00
   0.0000000000000000e+00    0.0000000000000000e+00    0.0000000000000000e+00
   0.0000000000000000e+00    0.0000000000000000e+00    0.0000000000000000e+00
   0.0000000000000000e+00    0.0000000000000000e+00    0.0000000000000000e+00
   0.0000000000000000e+00    0.0000000000000000e+00    0.0000000000000000e+00
   0.0000000000000000e+00    0.0000000000000000e+00    0.0000000000000000e+00
   0.0000000000000000e+00    0.0000000000000000e+00    0.0000000000000000e+00
   0.0000000000000000e+00    0.0000000000000000e+00    0.0000000000000000e+00
   0.0000000000000000e+00    0.0000000000000000e+00    0.0000000000000000e+00
   0.0000000000000000e+00    0.0000000000000000e+00    0.0000000000000000e+00
   0.0000000000000000e+00    0.0000000000000000e+00    0.0000000000000000e+00
   0.0000000000000000e+00    0.0000000000000000e+00    0.0000000000000000e+00
   0.0000000000000000e+00    0.0000000000000000e+00    0.0000000000000000e+00
   0.0000000000000000e+00    0.0000000000000000e+00    0.0000000000000000e+00
   0.0000000000000000e+00    0.0000000000000000e+00    0.0000000000000000e+00
   0.0000000000000000e+00    0.0000000000000000e+00    0.0000000000000000e+00
   0.0000000000000000e+00    0.0000000000000000e+00    0.0000000000000000e+00
   0.0000000000000000e+00    0.0000000000000000e+00    0.0000000000000000e+00
   0.0000000000000000e+00    0.0000000000000000e+00    0.0000000000000000e+00
   0.0000000000000000e+00    0.0000000000000000e+00    0.0000000000000000e+00
   0.0000000000000000e+00    0.0000000000000000e+00    0.0000000000000000e+00
   0.0000000000000000e+00    0.0000000000000000e+00    0.0000000000000000e+00
   0.0000000000000000e+00    0.0000000000000000e+00    0.0000000000000000e+00
   0.0000000000000000e+00    0.0000000000000000e+00    0.0000000000000000e+00
   0.0000000000000000e+00    0.0000000000000000e+00    0.0000000000000000e+00
   0.0000000000000000e+00    0.0000000000000000e+00    0.0000000000000000e+00
   0.0000000000000000e+00    0.0000000000000000e+00    0.0000000000000000e+00
   0.0000000000000000e+00    0.0000000000000000e+00    0.0000000000000000e+00
   0.0000000000000000e+00    0.0000000000000000e+00    0.0000000000000000e+00
   0.0000000000000000e+00    0.0000000000000000e+00    0.0000000000000000e+00
   0.0000000000000000e+00    0.0000000000000000e+00    0.0000000000000000e+00
   0.0000000000000000e+00    0.0000000000000000e+00    0.0000000000000000e+00
   0.0000000000000000e+00    0.0000000000000000e+00    0.0000000000000000e+00
   0.0000000000000000e+00    0.0000000000000000e+00    0.0000000000000000e+00
   0.0000000000000000e+00    0.0000000000000000e+00    0.0000000000000000e+00
   0.0000000000000000e+00    0.0000000000000000e+00    0.0000000000000000e+00
   0.0000000000000000e+00    0.0000000000000000e+00    0.0000000000000000e+00
   0.0000000000000000e+00    0.0000000000000000e+00    0.0000000000000000e+00
   0.0000000000000000e+00    0.0000000000000000e+00    0.0000000000000000e+00
   0.0000000000000000e+00 
i7_ovvv matrix:
4 4 4 4 4
   0.0000000000000000e+00    0.0000000000000000e+00    0.0000000000000000e+00
   0.0000000000000000e+00    0.0000000000000000e+00    0.0000000000000000e+00
   0.0000000000000000e+00    0.0000000000000000e+00    0.0000000000000000e+00
   0.0000000000000000e+00    0.0000000000000000e+00    0.0000000000000000e+00
   0.0000000000000000e+00    0.0000000000000000e+00    0.0000000000000000e+00
   0.0000000000000000e+00    0.0000000000000000e+00    0.0000000000000000e+00
   0.0000000000000000e+00    0.0000000000000000e+00    0.0000000000000000e+00
   0.0000000000000000e+00    0.0000000000000000e+00    0.0000000000000000e+00
   0.0000000000000000e+00    0.0000000000000000e+00    0.0000000000000000e+00
   0.0000000000000000e+00    0.0000000000000000e+00    0.0000000000000000e+00
   0.0000000000000000e+00    0.0000000000000000e+00    0.0000000000000000e+00
   0.0000000000000000e+00    0.0000000000000000e+00    0.0000000000000000e+00
   0.0000000000000000e+00    0.0000000000000000e+00    0.0000000000000000e+00
   0.0000000000000000e+00    0.0000000000000000e+00    0.0000000000000000e+00
   0.0000000000000000e+00    0.0000000000000000e+00    0.0000000000000000e+00
   0.0000000000000000e+00    0.0000000000000000e+00    0.0000000000000000e+00
   0.0000000000000000e+00    0.0000000000000000e+00    0.0000000000000000e+00
   0.0000000000000000e+00    0.0000000000000000e+00    0.0000000000000000e+00
   0.0000000000000000e+00    0.0000000000000000e+00    0.0000000000000000e+00
   0.0000000000000000e+00    0.0000000000000000e+00    0.0000000000000000e+00
   0.0000000000000000e+00    0.0000000000000000e+00    0.0000000000000000e+00
   0.0000000000000000e+00    0.0000000000000000e+00    0.0000000000000000e+00
   0.0000000000000000e+00    0.0000000000000000e+00    0.0000000000000000e+00
   0.0000000000000000e+00    0.0000000000000000e+00    0.0000000000000000e+00
   0.0000000000000000e+00    0.0000000000000000e+00    0.0000000000000000e+00
   0.0000000000000000e+00    0.0000000000000000e+00    0.0000000000000000e+00
   0.0000000000000000e+00    0.0000000000000000e+00    0.0000000000000000e+00
   0.0000000000000000e+00    0.0000000000000000e+00    0.0000000000000000e+00
   0.0000000000000000e+00    0.0000000000000000e+00    0.0000000000000000e+00
   0.0000000000000000e+00    0.0000000000000000e+00    0.0000000000000000e+00
   0.0000000000000000e+00    0.0000000000000000e+00    0.0000000000000000e+00
   0.0000000000000000e+00    0.0000000000000000e+00    0.0000000000000000e+00
   0.0000000000000000e+00    0.0000000000000000e+00    0.0000000000000000e+00
   0.0000000000000000e+00    0.0000000000000000e+00    0.0000000000000000e+00
   0.0000000000000000e+00    0.0000000000000000e+00    0.0000000000000000e+00
   0.0000000000000000e+00    0.0000000000000000e+00    0.0000000000000000e+00
   0.0000000000000000e+00    0.0000000000000000e+00    0.0000000000000000e+00
   0.0000000000000000e+00    0.0000000000000000e+00    0.0000000000000000e+00
   0.0000000000000000e+00    0.0000000000000000e+00    0.0000000000000000e+00
   0.0000000000000000e+00    0.0000000000000000e+00    0.0000000000000000e+00
   0.0000000000000000e+00    0.0000000000000000e+00    0.0000000000000000e+00
   0.0000000000000000e+00    0.0000000000000000e+00    0.0000000000000000e+00
   0.0000000000000000e+00    0.0000000000000000e+00    0.0000000000000000e+00
   0.0000000000000000e+00    0.0000000000000000e+00    0.0000000000000000e+00
   0.0000000000000000e+00    0.0000000000000000e+00    0.0000000000000000e+00
   0.0000000000000000e+00    0.0000000000000000e+00    0.0000000000000000e+00
   0.0000000000000000e+00    0.0000000000000000e+00    0.0000000000000000e+00
   0.0000000000000000e+00    0.0000000000000000e+00    0.0000000000000000e+00
   0.0000000000000000e+00    0.0000000000000000e+00    0.0000000000000000e+00
   0.0000000000000000e+00    0.0000000000000000e+00    0.0000000000000000e+00
   0.0000000000000000e+00    0.0000000000000000e+00    0.0000000000000000e+00
   0.0000000000000000e+00    0.0000000000000000e+00    0.0000000000000000e+00
   0.0000000000000000e+00    0.0000000000000000e+00    0.0000000000000000e+00
   0.0000000000000000e+00    0.0000000000000000e+00    0.0000000000000000e+00
   0.0000000000000000e+00    0.0000000000000000e+00    0.0000000000000000e+00
   0.0000000000000000e+00    0.0000000000000000e+00    0.0000000000000000e+00
   0.0000000000000000e+00    0.0000000000000000e+00    0.0000000000000000e+00
   0.0000000000000000e+00    0.0000000000000000e+00    0.0000000000000000e+00
   0.0000000000000000e+00    0.0000000000000000e+00    0.0000000000000000e+00
   0.0000000000000000e+00    0.0000000000000000e+00    0.0000000000000000e+00
   0.0000000000000000e+00    0.0000000000000000e+00    0.0000000000000000e+00
   0.0000000000000000e+00    0.0000000000000000e+00    0.0000000000000000e+00
   0.0000000000000000e+00    0.0000000000000000e+00    0.0000000000000000e+00
   0.0000000000000000e+00    0.0000000000000000e+00    0.0000000000000000e+00
   0.0000000000000000e+00    0.0000000000000000e+00    0.0000000000000000e+00
   0.0000000000000000e+00    0.0000000000000000e+00    0.0000000000000000e+00
   0.0000000000000000e+00    0.0000000000000000e+00    0.0000000000000000e+00
   0.0000000000000000e+00    0.0000000000000000e+00    0.0000000000000000e+00
   0.0000000000000000e+00    0.0000000000000000e+00    0.0000000000000000e+00
   0.0000000000000000e+00    0.0000000000000000e+00    0.0000000000000000e+00
   0.0000000000000000e+00    0.0000000000000000e+00    0.0000000000000000e+00
   0.0000000000000000e+00    0.0000000000000000e+00    0.0000000000000000e+00
   0.0000000000000000e+00    0.0000000000000000e+00    0.0000000000000000e+00
   0.0000000000000000e+00    0.0000000000000000e+00    0.0000000000000000e+00
   0.0000000000000000e+00    0.0000000000000000e+00    0.0000000000000000e+00
   0.0000000000000000e+00    0.0000000000000000e+00    0.0000000000000000e+00
   0.0000000000000000e+00    0.0000000000000000e+00    0.0000000000000000e+00
   0.0000000000000000e+00    0.0000000000000000e+00    0.0000000000000000e+00
   0.0000000000000000e+00    0.0000000000000000e+00    0.0000000000000000e+00
   0.0000000000000000e+00    0.0000000000000000e+00    0.0000000000000000e+00
   0.0000000000000000e+00    0.0000000000000000e+00    0.0000000000000000e+00
   0.0000000000000000e+00    0.0000000000000000e+00    0.0000000000000000e+00
   0.0000000000000000e+00    0.0000000000000000e+00    0.0000000000000000e+00
   0.0000000000000000e+00    0.0000000000000000e+00    0.0000000000000000e+00
   0.0000000000000000e+00    0.0000000000000000e+00    0.0000000000000000e+00
   0.0000000000000000e+00 
